simulation_id,mean_idx,cov_idx,n_samples,missingness_pct,actual_missingness_pct,mechanism,time_per_iteration,convergence_time,mu_error,sigma_error,true_mu,estimated_mu,true_sigma,estimated_sigma,mean_imputation_error,mean_imputation_cov_error,median_imputation_error,median_imputation_cov_error,mode_imputation_error,mode_imputation_cov_error,knn_imputation_error,knn_imputation_cov_error,mice_imputation_error,mice_imputation_cov_error,mean_imputation_time,median_imputation_time,mode_imputation_time,knn_imputation_time,mice_imputation_time
1,0,0,100,0.1,0.1,MCAR,0.002615485872541155,0.018308401107788086,0.2301348019865027,0.020587896969003202,"[0, 0, 0, 0, 0]","[-0.04474718554398746, 0.07695423149134198, -0.14628459596408303, 0.1503383149352411, -0.03220203057095878]","[[1.0, 0.0, 0.0, 0.0, 0.0], [0.0, 1.0, 0.0, 0.0, 0.0], [0.0, 0.0, 1.0, 0.0, 0.0], [0.0, 0.0, 0.0, 1.0, 0.0], [0.0, 0.0, 0.0, 0.0, 1.0]]","[[0.8025278813698152, -0.14336087124116872, 0.03874810167015791, -0.023745329504985545, -0.1206623445904175], [-0.14336087124116872, 0.9587879977331287, 0.04966793233627951, 0.024778542948217682, 0.05973892405206897], [0.03874810167015791, 0.04966793233627951, 1.0111696721564747, 0.11240123997109587, -0.05233121606929407], [-0.023745329504985545, 0.024778542948217682, 0.11240123997109587, 0.7171865794922583, -0.05603460010480286], [-0.1206623445904175, 0.05973892405206897, -0.05233121606929407, -0.05603460010480286, 1.1394037498631444]]",0.2401145361185186,0.026009648156198783,0.2352625857744958,0.026045975021874317,0.9890632932856893,0.06982449079086135,0.2358685555665293,0.025774619062897654,0.2638214288578866,0.02263165125170377,0.0010230541229248047,0.0007622241973876953,0.002527952194213867,0.0030362606048583984,0.558497428894043
2,0,0,100,0.1,0.1,MAR,0.003370862740736741,0.08764243125915527,0.3819109563916017,0.023492631858894858,"[0, 0, 0, 0, 0]","[-0.30931902999424726, 0.07695423149134198, -0.16376758019361248, 0.1280584688944021, -0.03220203057095878]","[[1.0, 0.0, 0.0, 0.0, 0.0], [0.0, 1.0, 0.0, 0.0, 0.0], [0.0, 0.0, 1.0, 0.0, 0.0], [0.0, 0.0, 0.0, 1.0, 0.0], [0.0, 0.0, 0.0, 0.0, 1.0]]","[[0.7198325088210712, 0.193595070680592, 0.062820668198386, -0.03625632467447514, -0.058578131531694846], [0.193595070680592, 0.9587879977331287, 0.21566274119338744, 0.03572569607416273, 0.05973892405206897], [0.062820668198386, 0.21566274119338744, 1.0505746135455971, 0.11944092610643016, 0.07295542688803962], [-0.03625632467447514, 0.03572569607416273, 0.11944092610643016, 0.9115394648887915, 0.01870953832339028], [-0.058578131531694846, 0.05973892405206897, 0.07295542688803962, 0.01870953832339028, 1.1394037498631444]]",0.278891190539061,0.024229407837377127,0.2743767124146224,0.023932113652340666,1.0918078218135878,0.11679877066580331,0.3551110219113383,0.026815111564132587,0.5158581699612225,0.03352295718597684,0.0011336803436279297,0.0009527206420898438,0.0028977394104003906,0.002071380615234375,0.5279190540313721
3,0,0,100,0.1,0.1,MNAR,0.004622047597711737,0.0508425235748291,0.6733792563636177,0.028652487977678723,"[0, 0, 0, 0, 0]","[-0.04474718554398746, 0.5234020669896686, -0.09387351132755992, 0.1280584688944021, 0.3902260639335987]","[[1.0, 0.0, 0.0, 0.0, 0.0], [0.0, 1.0, 0.0, 0.0, 0.0], [0.0, 0.0, 1.0, 0.0, 0.0], [0.0, 0.0, 0.0, 1.0, 0.0], [0.0, 0.0, 0.0, 0.0, 1.0]]","[[0.8025278813698152, 0.10745005341409752, 0.03934937513115534, -0.0870969665169037, -0.09245078708013982], [0.10745005341409752, 0.4921952906742332, 0.10624703222678077, -0.040250193989321364, 0.036214726378795435], [0.03934937513115534, 0.10624703222678077, 0.9584633522154522, 0.007967979328129045, 0.1403395788431131], [-0.0870969665169037, -0.040250193989321364, 0.007967979328129045, 0.9115394648887915, 0.08159676919555987], [-0.09245078708013982, 0.036214726378795435, 0.1403395788431131, 0.08159676919555987, 0.7412251113356644]]",0.6574625321317491,0.03378058869344256,0.61468527862547,0.033527639077557465,0.29027749738278297,0.022859977177586345,0.6890430694484573,0.034269769472462165,0.6713227645984898,0.03181307881288934,0.0009763240814208984,0.0008711814880371094,0.002734661102294922,0.0020520687103271484,0.3894839286804199
4,0,0,100,0.15000000000000002,0.148,MCAR,0.004737633925217848,0.06158924102783203,0.13592516009623593,0.01844540908686693,"[0, 0, 0, 0, 0]","[-0.04474718554398746, 0.05526843990607827, -0.09387351132755992, 0.05974555365522241, -0.03220203057095878]","[[1.0, 0.0, 0.0, 0.0, 0.0], [0.0, 1.0, 0.0, 0.0, 0.0], [0.0, 0.0, 1.0, 0.0, 0.0], [0.0, 0.0, 0.0, 1.0, 0.0], [0.0, 0.0, 0.0, 0.0, 1.0]]","[[0.8025278813698152, -0.10460781038674216, 0.03934937513115534, -0.04649996148304007, -0.1206623445904175], [-0.10460781038674216, 0.9883967562770627, 0.15836820373326996, 0.09632620401524418, 0.032722260478826475], [0.03934937513115534, 0.15836820373326996, 0.9584633522154522, 0.01142893776019889, 0.04474732557653849], [-0.04649996148304007, 0.09632620401524418, 0.01142893776019889, 0.9720290202599822, -0.09492968190285497], [-0.1206623445904175, 0.032722260478826475, 0.04474732557653849, -0.09492968190285497, 1.1394037498631444]]",0.13733092710350223,0.025881550765610467,0.1405089071173744,0.02588115523684712,1.0614816416857855,0.04779810841604931,0.1380650215769264,0.026179397390638265,0.1503883317195445,0.022816933723030744,0.0008666515350341797,0.0007586479187011719,0.0022199153900146484,0.0019707679748535156,0.36295032501220703
5,0,0,100,0.15000000000000002,0.152,MAR,0.0038721493312290738,0.13552522659301758,0.19000169276513895,0.021463538579489634,"[0, 0, 0, 0, 0]","[-0.04474718554398746, -0.012349831451342852, -0.12849074703713934, 0.1280584688944021, -0.03220203057095878]","[[1.0, 0.0, 0.0, 0.0, 0.0], [0.0, 1.0, 0.0, 0.0, 0.0], [0.0, 0.0, 1.0, 0.0, 0.0], [0.0, 0.0, 0.0, 1.0, 0.0], [0.0, 0.0, 0.0, 0.0, 1.0]]","[[0.8025278813698152, -0.030735183058422804, 0.07593797724766026, -0.0870969665169037, -0.1206623445904175], [-0.030735183058422804, 0.9365373527896627, 0.2029941237870773, 0.12264330737724727, -0.036722905200697716], [0.07593797724766026, 0.2029941237870773, 0.9154276063990917, -0.09951638291995507, 0.09241212962484449], [-0.0870969665169037, 0.12264330737724727, -0.09951638291995507, 0.9115394648887915, 0.01870953832339028], [-0.1206623445904175, -0.036722905200697716, 0.09241212962484449, 0.01870953832339028, 1.1394037498631444]]",0.16845668377390818,0.028525253203624267,0.1826680095972141,0.028613614505812048,1.1954659163139647,0.07874664980148059,0.17287075137449603,0.028402006465585893,0.15790833284884187,0.025337052773062828,0.0008606910705566406,0.0006513595581054688,0.0017790794372558594,0.0014705657958984375,0.26581645011901855
6,0,0,100,0.15000000000000002,0.152,MNAR,0.004759931564331054,0.07139897346496582,0.7898757780821697,0.03283504661802506,"[0, 0, 0, 0, 0]","[-0.04474718554398746, 0.07695423149134198, 0.48543117254514767, 0.1280584688944021, 0.6032719831951807]","[[1.0, 0.0, 0.0, 0.0, 0.0], [0.0, 1.0, 0.0, 0.0, 0.0], [0.0, 0.0, 1.0, 0.0, 0.0], [0.0, 0.0, 0.0, 1.0, 0.0], [0.0, 0.0, 0.0, 0.0, 1.0]]","[[0.8025278813698152, -0.14336087124116872, 0.019145958467970646, -0.0870969665169037, -0.06217200308887852], [-0.14336087124116872, 0.9587879977331287, 0.020574812789985172, 0.03572569607416273, -0.026728101588033164], [0.019145958467970646, 0.020574812789985172, 0.3627893244150922, 0.01788262030082295, 0.12456820530455733], [-0.0870969665169037, 0.03572569607416273, 0.01788262030082295, 0.9115394648887915, 0.046493586796963936], [-0.06217200308887852, -0.026728101588033164, 0.12456820530455733, 0.046493586796963936, 0.6627826084579403]]",0.7972299068968411,0.041060680605374274,0.7281830935061551,0.04082080510404093,0.33621078042771246,0.03212066884631431,0.7971415651308771,0.04065027122153755,0.7819789819776485,0.03832963987694796,0.0009026527404785156,0.0007572174072265625,0.002379894256591797,0.0019407272338867188,0.27863073348999023
7,0,0,100,0.20000000000000004,0.2,MCAR,0.004502296447753906,0.1395711898803711,0.38538099290979827,0.02925251576862937,"[0, 0, 0, 0, 0]","[-0.04474718554398746, 0.07695423149134198, -0.09387351132755992, 0.3235288056045514, -0.16465455096272857]","[[1.0, 0.0, 0.0, 0.0, 0.0], [0.0, 1.0, 0.0, 0.0, 0.0], [0.0, 0.0, 1.0, 0.0, 0.0], [0.0, 0.0, 0.0, 1.0, 0.0], [0.0, 0.0, 0.0, 0.0, 1.0]]","[[0.8025278813698152, -0.14336087124116872, 0.03934937513115534, -0.2077660117543695, -0.20420720667068692], [-0.14336087124116872, 0.9587879977331287, 0.11768496828705509, 0.18111541419810318, 0.2513566230913915], [0.03934937513115534, 0.11768496828705509, 0.9584633522154522, -0.0659475681273863, 0.08363380454300545], [-0.2077660117543695, 0.18111541419810318, -0.0659475681273863, 0.9866069654514653, 0.1336507994104829], [-0.20420720667068692, 0.2513566230913915, 0.08363380454300545, 0.1336507994104829, 0.9856355859966064]]",0.3992609348679528,0.03360948736613402,0.3787291146226792,0.03357288847682163,1.271068016553106,0.031200713163336634,0.4666929057923996,0.035181664935541604,0.42722607606912033,0.034755780870155524,0.0007176399230957031,0.0006289482116699219,0.0017824172973632812,0.0015532970428466797,0.2521653175354004
8,0,0,100,0.20000000000000004,0.2,MAR,0.00368963143764398,0.4316868782043457,0.26299144088326754,0.03587609385179622,"[0, 0, 0, 0, 0]","[-0.04474718554398746, 0.07695423149134198, -0.23619681815427251, -0.06644039388979159, -0.03220203057095878]","[[1.0, 0.0, 0.0, 0.0, 0.0], [0.0, 1.0, 0.0, 0.0, 0.0], [0.0, 0.0, 1.0, 0.0, 0.0], [0.0, 0.0, 0.0, 1.0, 0.0], [0.0, 0.0, 0.0, 0.0, 1.0]]","[[0.8025278813698152, -0.14336087124116872, 0.156125125870948, -0.11019267759313907, -0.1206623445904175], [-0.14336087124116872, 0.9587879977331287, 0.07237210046926082, -0.10065966838185543, 0.05973892405206897], [0.156125125870948, 0.07237210046926082, 0.9832815109003689, -0.4599015572953964, 0.10701492856796486], [-0.11019267759313907, -0.10065966838185543, -0.4599015572953964, 1.0383396270128369, 0.24031014908850487], [-0.1206623445904175, 0.05973892405206897, 0.10701492856796486, 0.24031014908850487, 1.1394037498631444]]",0.18266862289094307,0.033871547641245135,0.24476242167693638,0.03387298798831879,1.3277650286783782,0.06923975370811218,0.1928921514760912,0.03357130488243331,0.23643111559305116,0.030643677099230014,0.0007305145263671875,0.0005943775177001953,0.001737356185913086,0.001474618911743164,0.24550724029541016
9,0,0,100,0.20000000000000004,0.2,MNAR,0.00510867436726888,0.10728216171264648,1.13568350260512,0.04051389600571235,"[0, 0, 0, 0, 0]","[-0.04474718554398746, 0.07695423149134198, 0.6990875488644385, 0.8899957202035977, -0.03220203057095878]","[[1.0, 0.0, 0.0, 0.0, 0.0], [0.0, 1.0, 0.0, 0.0, 0.0], [0.0, 0.0, 1.0, 0.0, 0.0], [0.0, 0.0, 0.0, 1.0, 0.0], [0.0, 0.0, 0.0, 0.0, 1.0]]","[[0.8025278813698152, -0.14336087124116872, 0.11770236316365194, -0.11251047163115362, -0.1206623445904175], [-0.14336087124116872, 0.9587879977331287, 0.01632320587947001, 0.0358098736618974, 0.05973892405206897], [0.11770236316365194, 0.01632320587947001, 0.3154860645248761, -0.09596557194575768, -0.01790934591845858], [-0.11251047163115362, 0.0358098736618974, -0.09596557194575768, 0.4129544873426669, 0.0019101900956052225], [-0.1206623445904175, 0.05973892405206897, -0.01790934591845858, 0.0019101900956052225, 1.1394037498631444]]",1.1157708324693538,0.04877988720794501,0.9996309182940436,0.04841205765101984,0.635376244502405,0.04251611828816806,1.1160514928599787,0.048457036845252544,1.2204893641921233,0.0434183315616567,0.0007336139678955078,0.0006690025329589844,0.0018756389617919922,0.0015778541564941406,0.2643401622772217
10,0,0,100,0.25000000000000006,0.248,MCAR,0.0048162852014814106,0.1348559856414795,0.21728490181424093,0.02152378772769784,"[0, 0, 0, 0, 0]","[-0.14806112741331273, 0.07695423149134198, -0.04396288357954393, 0.1280584688944021, -0.03220203057095878]","[[1.0, 0.0, 0.0, 0.0, 0.0], [0.0, 1.0, 0.0, 0.0, 0.0], [0.0, 0.0, 1.0, 0.0, 0.0], [0.0, 0.0, 0.0, 1.0, 0.0], [0.0, 0.0, 0.0, 0.0, 1.0]]","[[0.8045448160489294, -0.10374506293355998, 0.06476666142713886, -0.05936003307845716, -0.16312531628071325], [-0.10374506293355998, 0.9587879977331287, 0.19826551046808447, 0.03572569607416273, 0.05973892405206897], [0.06476666142713886, 0.19826551046808447, 0.8907649186430482, 0.023257139460262987, -0.1228430858974639], [-0.05936003307845716, 0.03572569607416273, 0.023257139460262987, 0.9115394648887915, 0.01870953832339028], [-0.16312531628071325, 0.05973892405206897, -0.1228430858974639, 0.01870953832339028, 1.1394037498631444]]",0.23018650693010437,0.0396397433306406,0.19902892463301314,0.03956864980079879,1.8335980428912,0.019258652152752954,0.26022520541130734,0.03943540986963009,0.3149133007984686,0.02915489294154698,0.0007479190826416016,0.0006270408630371094,0.0018203258514404297,0.0017063617706298828,0.22846150398254395
11,0,0,100,0.25000000000000006,0.248,MAR,0.003887642707143511,0.43541598320007324,0.4897960803492487,0.04036835199373221,"[0, 0, 0, 0, 0]","[0.11804188402892535, 0.07695423149134198, -0.4501204482885607, 0.1280584688944021, -0.03220203057095878]","[[1.0, 0.0, 0.0, 0.0, 0.0], [0.0, 1.0, 0.0, 0.0, 0.0], [0.0, 0.0, 1.0, 0.0, 0.0], [0.0, 0.0, 0.0, 1.0, 0.0], [0.0, 0.0, 0.0, 0.0, 1.0]]","[[0.7802243170054255, -0.014762482104921974, -0.09758790332836112, -0.2443841918148789, -0.19139644314751625], [-0.014762482104921974, 0.9587879977331287, 0.1909960521345047, 0.03572569607416273, 0.05973892405206897], [-0.09758790332836112, 0.1909960521345047, 0.8410291723346164, -0.25822288714497854, 0.49349254192833014], [-0.2443841918148789, 0.03572569607416273, -0.25822288714497854, 0.9115394648887915, 0.01870953832339028], [-0.19139644314751625, 0.05973892405206897, 0.49349254192833014, 0.01870953832339028, 1.1394037498631444]]",0.21907950508186932,0.042609816411799596,0.23104776092342472,0.04259004048106485,1.5851206845416415,0.05441790747885185,0.2650083345312718,0.044537253349824474,0.3352350050318375,0.038743900174049044,0.0007050037384033203,0.0005946159362792969,0.0018796920776367188,0.001720428466796875,0.22445416450500488
12,0,0,100,0.25000000000000006,0.248,MNAR,0.004272899765899216,0.2948300838470459,1.3190998141812276,0.040513838426153276,"[0, 0, 0, 0, 0]","[0.8273945337981066, 0.07695423149134198, -0.09387351132755992, 0.1280584688944021, 1.0120817377489804]","[[1.0, 0.0, 0.0, 0.0, 0.0], [0.0, 1.0, 0.0, 0.0, 0.0], [0.0, 0.0, 1.0, 0.0, 0.0], [0.0, 0.0, 0.0, 1.0, 0.0], [0.0, 0.0, 0.0, 0.0, 1.0]]","[[0.3094130766106637, -0.14463814330888863, 0.018521858398866786, -0.08115582688320137, 0.08170188301395727], [-0.14463814330888863, 0.9587879977331287, 0.11768496828705509, 0.03572569607416273, -0.03012846678396993], [0.018521858398866786, 0.11768496828705509, 0.9584633522154522, 0.007967979328129045, 0.3642774255448659], [-0.08115582688320137, 0.03572569607416273, 0.007967979328129045, 0.9115394648887915, 0.0750809658089528], [0.08170188301395727, -0.03012846678396993, 0.3642774255448659, 0.0750809658089528, 0.6002710313370393]]",1.3558546748241564,0.04852104670346094,1.1875364437723588,0.04812398055692071,0.7627697532098994,0.04297007765272501,1.354494629846911,0.0490576031257613,1.290248008651181,0.043605173464826175,0.0007140636444091797,0.0005986690521240234,0.0017476081848144531,0.0015192031860351562,0.24068665504455566
13,0,0,100,0.30000000000000004,0.3,MCAR,0.004304928857772077,0.5252013206481934,0.4825415207877879,0.029239082289731308,"[0, 0, 0, 0, 0]","[-0.04474718554398746, 0.32005454690758856, -0.09387351132755992, 0.1280584688944021, 0.3212442810219619]","[[1.0, 0.0, 0.0, 0.0, 0.0], [0.0, 1.0, 0.0, 0.0, 0.0], [0.0, 0.0, 1.0, 0.0, 0.0], [0.0, 0.0, 0.0, 1.0, 0.0], [0.0, 0.0, 0.0, 0.0, 1.0]]","[[0.8025278813698152, -0.16854143160411475, 0.03934937513115534, -0.0870969665169037, -0.14616969911366678], [-0.16854143160411475, 0.6140516722184672, 0.19281332724730016, 0.10146086708011748, 0.11565132379182991], [0.03934937513115534, 0.19281332724730016, 0.9584633522154522, 0.007967979328129045, 0.1280052214044749], [-0.0870969665169037, 0.10146086708011748, 0.007967979328129045, 0.9115394648887915, -0.0447745805221767], [-0.14616969911366678, 0.11565132379182991, 0.1280052214044749, -0.0447745805221767, 1.2457910529892362]]",0.47210198077340776,0.04502160482723089,0.6102445384884957,0.044776176416067785,1.3153931031993273,0.023266895287573572,0.4699651413037027,0.04493100807220553,0.455006384817325,0.03261625225982986,0.0008060932159423828,0.0006136894226074219,0.001756429672241211,0.0014951229095458984,0.20291495323181152
14,0,0,100,0.30000000000000004,0.3,MAR,0.0035274594100480226,0.6843271255493164,0.7732124514129822,0.046957028330703005,"[0, 0, 0, 0, 0]","[-0.04474718554398746, 0.12026873544071492, -0.7509691561262588, 0.1280584688944021, -0.03220203057095878]","[[1.0, 0.0, 0.0, 0.0, 0.0], [0.0, 1.0, 0.0, 0.0, 0.0], [0.0, 0.0, 1.0, 0.0, 0.0], [0.0, 0.0, 0.0, 1.0, 0.0], [0.0, 0.0, 0.0, 0.0, 1.0]]","[[0.8025278813698152, -0.12431391220544002, 0.020794548487970414, -0.0870969665169037, -0.1206623445904175], [-0.12431391220544002, 1.3992534758238948, 0.21143032418717006, -0.1780486848871148, -0.03453942085098115], [0.020794548487970414, 0.21143032418717006, 1.0219851339798454, -0.23196896195891553, 0.6373320238607486], [-0.0870969665169037, -0.1780486848871148, -0.23196896195891553, 0.9115394648887915, 0.01870953832339028], [-0.1206623445904175, -0.03453942085098115, 0.6373320238607486, 0.01870953832339028, 1.1394037498631444]]",0.1580236055197155,0.04352513199061533,0.23115319128261572,0.04347612345477403,2.055288998743365,0.07599190322791982,0.20509047409110362,0.04402389501259863,0.8503451878773001,0.039806795221300144,0.0006983280181884766,0.0006036758422851562,0.00191497802734375,0.0016868114471435547,0.20057010650634766
15,0,0,100,0.30000000000000004,0.3,MNAR,0.004492217844182795,0.3459007740020752,1.9255340985269467,0.0480700448302599,"[0, 0, 0, 0, 0]","[-0.04474718554398746, 1.3503881325990381, -0.09387351132755992, 1.3683135380495575, -0.03220203057095878]","[[1.0, 0.0, 0.0, 0.0, 0.0], [0.0, 1.0, 0.0, 0.0, 0.0], [0.0, 0.0, 1.0, 0.0, 0.0], [0.0, 0.0, 0.0, 1.0, 0.0], [0.0, 0.0, 0.0, 0.0, 1.0]]","[[0.8025278813698152, 0.09312193313753482, 0.03934937513115534, -0.17765459239365383, -0.1206623445904175], [0.09312193313753482, 0.11617217458863545, -0.03405095701482959, 0.016320433168568824, 0.06941166111589753], [0.03934937513115534, -0.03405095701482959, 0.9584633522154522, -0.16914488073537254, 0.04474732557653849], [-0.17765459239365383, 0.016320433168568824, -0.16914488073537254, 0.35937616403525824, -0.05526217357871067], [-0.1206623445904175, 0.06941166111589753, 0.04474732557653849, -0.05526217357871067, 1.1394037498631444]]",1.9114770748774474,0.05485380376681731,1.781606144668253,0.05460814885474333,1.3180967610048926,0.051569254063067456,1.926136774576437,0.05481329583809742,1.9410403304882762,0.051239342671160114,0.0007314682006835938,0.0006093978881835938,0.0018215179443359375,0.001554727554321289,0.2677798271179199
16,0,0,300,0.1,0.1,MCAR,0.011699199676513672,0.0818943977355957,0.09892001804180188,0.015146634561882824,"[0, 0, 0, 0, 0]","[0.011533656908932956, -0.043989276927815846, 0.0672828601698194, 0.05463565177605412, 0.014319585379460058]","[[1.0, 0.0, 0.0, 0.0, 0.0], [0.0, 1.0, 0.0, 0.0, 0.0], [0.0, 0.0, 1.0, 0.0, 0.0], [0.0, 0.0, 0.0, 1.0, 0.0], [0.0, 0.0, 0.0, 0.0, 1.0]]","[[1.0961980386612535, -0.0016113219616783192, 0.012384808932620997, -0.10572695738567718, -0.02650949702506538], [-0.0016113219616783192, 0.9234592879331708, 0.032480270447069505, -0.11861096674697094, -0.013219806637483848], [0.012384808932620997, 0.032480270447069505, 0.9666084562845797, -0.1312611062750608, 0.09610877084474401], [-0.10572695738567718, -0.11861096674697094, -0.1312611062750608, 1.1279318059651045, 0.018539023846320727], [-0.02650949702506538, -0.013219806637483848, 0.09610877084474401, 0.018539023846320727, 1.0500318067002805]]",0.10252866368959973,0.019277724768711046,0.11979673049501322,0.019189311379869352,0.9816289768791667,0.08539625935120958,0.10862116093804898,0.01874760958205756,0.10405973200081105,0.016892108111762037,0.0007917881011962891,0.0007708072662353516,0.0019192695617675781,0.002725362777709961,0.4414818286895752
17,0,0,300,0.1,0.1,MAR,0.008625767447731712,0.18976688385009766,0.11998435652503735,0.01483774753350079,"[0, 0, 0, 0, 0]","[0.011533656908932956, -0.043989276927815846, 0.04518437978552009, 0.0910868270617451, -0.04460634308732165]","[[1.0, 0.0, 0.0, 0.0, 0.0], [0.0, 1.0, 0.0, 0.0, 0.0], [0.0, 0.0, 1.0, 0.0, 0.0], [0.0, 0.0, 0.0, 1.0, 0.0], [0.0, 0.0, 0.0, 0.0, 1.0]]","[[1.0961980386612535, -0.0016113219616783192, 0.058256302763227255, -0.061080425384478436, -0.01591537573702605], [-0.0016113219616783192, 0.9234592879331708, -0.04322478061000599, -0.16286633312204205, 0.004442619552481661], [0.058256302763227255, -0.04322478061000599, 0.9756083539822811, -0.08831161350832356, 0.05233832553748892], [-0.061080425384478436, -0.16286633312204205, -0.08831161350832356, 1.1266598064974696, 0.07744464825499517], [-0.01591537573702605, 0.004442619552481661, 0.05233832553748892, 0.07744464825499517, 1.0344825228535972]]",0.07371514315150009,0.01590954670624603,0.07399187477131629,0.01594451681334946,1.026744179630828,0.1433214246137313,0.09262999105575107,0.015750911683774814,0.523102763654857,0.041904345913595265,0.0009768009185791016,0.0008146762847900391,0.0024857521057128906,0.002607107162475586,0.5642640590667725
18,0,0,300,0.1,0.1,MNAR,0.011115210396902902,0.07780647277832031,0.5894499353270123,0.025489182798926587,"[0, 0, 0, 0, 0]","[0.44476802213011923, -0.043989276927815846, 0.007039680370235032, 0.05463565177605412, 0.38034584882464445]","[[1.0, 0.0, 0.0, 0.0, 0.0], [0.0, 1.0, 0.0, 0.0, 0.0], [0.0, 0.0, 1.0, 0.0, 0.0], [0.0, 0.0, 0.0, 1.0, 0.0], [0.0, 0.0, 0.0, 0.0, 1.0]]","[[0.6324171471603331, -0.062275926942068835, 0.035705165326205546, -0.10018903553882745, 0.03831269678876561], [-0.062275926942068835, 0.9234592879331708, 0.014277733929905315, -0.11861096674697094, 0.00816200550648744], [0.035705165326205546, 0.014277733929905315, 0.9406117903855405, -0.09085745494001835, 0.032346250161882], [-0.10018903553882745, -0.11861096674697094, -0.09085745494001835, 1.1279318059651045, 0.02193126185360009], [0.03831269678876561, 0.00816200550648744, 0.032346250161882, 0.02193126185360009, 0.5954855605538716]]",0.5896156134992169,0.03273623014777047,0.5451064570827953,0.032591059336752534,0.1927990092757133,0.02059467674796473,0.5836422633894753,0.03207524176631777,0.6233576832558306,0.029289737192472645,0.0009181499481201172,0.0008511543273925781,0.0022635459899902344,0.0028243064880371094,0.4034605026245117
19,0,0,300,0.15000000000000002,0.14933333333333335,MCAR,0.012191851933797201,0.1097266674041748,0.10914838830591234,0.014845593413070185,"[0, 0, 0, 0, 0]","[0.06711076800914663, 0.048838285173289586, 0.007039680370235032, 0.05463565177605412, -0.04460634308732165]","[[1.0, 0.0, 0.0, 0.0, 0.0], [0.0, 1.0, 0.0, 0.0, 0.0], [0.0, 0.0, 1.0, 0.0, 0.0], [0.0, 0.0, 0.0, 1.0, 0.0], [0.0, 0.0, 0.0, 0.0, 1.0]]","[[1.1643115619143405, -0.056858270657337326, 0.06258666862095713, -0.08613316609055381, -0.027750103466479353], [-0.056858270657337326, 0.9351816897066613, 0.03238487534353221, -0.09342576758544917, -0.029082645308807383], [0.06258666862095713, 0.03238487534353221, 0.9406117903855405, -0.09085745494001835, 0.07890480249090398], [-0.08613316609055381, -0.09342576758544917, -0.09085745494001835, 1.1279318059651045, 0.04783636599748955], [-0.027750103466479353, -0.029082645308807383, 0.07890480249090398, 0.04783636599748955, 1.0344825228535972]]",0.10674228162775892,0.02256659676378705,0.09642879501034528,0.022547934672107712,1.1983980090236472,0.06375677120120259,0.11858327002463119,0.021610464161479423,0.13788909936146762,0.016799564714946404,0.0007584095001220703,0.0007069110870361328,0.0019752979278564453,0.002740621566772461,0.3640584945678711
20,0,0,300,0.15000000000000002,0.15066666666666667,MAR,0.009482023327849632,0.4077270030975342,0.21663832030493999,0.02074290786326209,"[0, 0, 0, 0, 0]","[0.011533656908932956, -0.043989276927815846, 0.007039680370235032, 0.19052085037391164, 0.09228395619666087]","[[1.0, 0.0, 0.0, 0.0, 0.0], [0.0, 1.0, 0.0, 0.0, 0.0], [0.0, 0.0, 1.0, 0.0, 0.0], [0.0, 0.0, 0.0, 1.0, 0.0], [0.0, 0.0, 0.0, 0.0, 1.0]]","[[1.0961980386612535, -0.0016113219616783192, 0.013126295720403825, -0.00426742945185105, -0.0941211290554565], [-0.0016113219616783192, 0.9234592879331708, 0.014277733929905315, -0.15364590708142797, -0.16414371015558152], [0.013126295720403825, 0.014277733929905315, 0.9406117903855405, -0.21948511424464803, 0.08288459508776856], [-0.00426742945185105, -0.15364590708142797, -0.21948511424464803, 1.0897118416268787, -0.03903959322030155], [-0.0941211290554565, -0.16414371015558152, 0.08288459508776856, -0.03903959322030155, 1.0973789605238247]]",0.07122391304525844,0.02115696012843071,0.06372292411851646,0.02097412423605019,1.3637786525428228,0.10300218922640848,0.14787772993617807,0.021669803446209328,0.09283225413487349,0.01976950764712793,0.00078582763671875,0.0006647109985351562,0.0018799304962158203,0.0027565956115722656,0.3513057231903076
21,0,0,300,0.15000000000000002,0.15066666666666667,MNAR,0.01079578697681427,0.17273259162902832,0.8742043878524179,0.03144835949807459,"[0, 0, 0, 0, 0]","[0.011533656908932956, 0.5374333028444959, 0.007039680370235032, 0.6879145648618331, -0.04460634308732165]","[[1.0, 0.0, 0.0, 0.0, 0.0], [0.0, 1.0, 0.0, 0.0, 0.0], [0.0, 0.0, 1.0, 0.0, 0.0], [0.0, 0.0, 0.0, 1.0, 0.0], [0.0, 0.0, 0.0, 0.0, 1.0]]","[[1.0961980386612535, -0.001917476602801762, 0.013126295720403825, -0.03189414987232292, -0.01591537573702605], [-0.001917476602801762, 0.43760884915101644, 0.003723844167459492, -0.029527368785578448, -0.07255569968445374], [0.013126295720403825, 0.003723844167459492, 0.9406117903855405, -0.07850392313294217, 0.07890480249090398], [-0.03189414987232292, -0.029527368785578448, -0.07850392313294217, 0.5037814369231439, 0.028870574549345638], [-0.01591537573702605, -0.07255569968445374, 0.07890480249090398, 0.028870574549345638, 1.0344825228535972]]",0.8792679002645505,0.04070889011893088,0.7905725123083337,0.04031093736591949,0.41705412491479105,0.031108082702922438,0.884764311384823,0.039904644283039595,0.8742939876363909,0.035882418163402124,0.0007801055908203125,0.0008943080902099609,0.0021500587463378906,0.002719402313232422,0.3878195285797119
22,0,0,300,0.20000000000000004,0.2,MCAR,0.012344980239868164,0.18517470359802246,0.10870290347184808,0.018541175503680413,"[0, 0, 0, 0, 0]","[0.02897086958571238, -0.07715356472856197, 0.007039680370235032, 0.05463565177605412, -0.04460634308732165]","[[1.0, 0.0, 0.0, 0.0, 0.0], [0.0, 1.0, 0.0, 0.0, 0.0], [0.0, 0.0, 1.0, 0.0, 0.0], [0.0, 0.0, 0.0, 1.0, 0.0], [0.0, 0.0, 0.0, 0.0, 1.0]]","[[1.161676518357259, -0.12204538629417541, 0.03312177390851051, -0.11660115935508862, 0.059740934689053116], [-0.12204538629417541, 0.7994137394898191, -0.01783228399259149, -0.11382667782137301, 0.022373985965527452], [0.03312177390851051, -0.01783228399259149, 0.9406117903855405, -0.09085745494001835, 0.07890480249090398], [-0.11660115935508862, -0.11382667782137301, -0.09085745494001835, 1.1279318059651045, 0.04783636599748955], [0.059740934689053116, 0.022373985965527452, 0.07890480249090398, 0.04783636599748955, 1.0344825228535972]]",0.11060104037210375,0.03117146360991176,0.09466173542106228,0.031140198956441722,1.715681310476344,0.05916639808384247,0.10955892809059631,0.029920917292487664,0.1182251225939503,0.026421400299132456,0.0007643699645996094,0.0006787776947021484,0.0019059181213378906,0.003221750259399414,0.3638021945953369
23,0,0,300,0.20000000000000004,0.2,MAR,0.008089261512233787,0.5905160903930664,0.2106369844357847,0.017009131217587965,"[0, 0, 0, 0, 0]","[0.011533656908932956, -0.043989276927815846, 0.1213292454137086, -0.15996670231517618, -0.04460634308732165]","[[1.0, 0.0, 0.0, 0.0, 0.0], [0.0, 1.0, 0.0, 0.0, 0.0], [0.0, 0.0, 1.0, 0.0, 0.0], [0.0, 0.0, 0.0, 1.0, 0.0], [0.0, 0.0, 0.0, 0.0, 1.0]]","[[1.0961980386612535, -0.0016113219616783192, -0.02943996651324748, -0.11456333462757758, -0.01591537573702605], [-0.0016113219616783192, 0.9234592879331708, 0.022425600376790016, -0.031179787116362226, 0.004442619552481661], [-0.02943996651324748, 0.022425600376790016, 0.9577477437757406, -0.10320970141816078, -0.02503048360040391], [-0.11456333462757758, -0.031179787116362226, -0.10320970141816078, 0.992473840456088, 0.2330597506603416], [-0.01591537573702605, 0.004442619552481661, -0.02503048360040391, 0.2330597506603416, 1.0344825228535972]]",0.12485504936545506,0.030265944954584192,0.14926455998211524,0.030299144078520305,1.9703223629767075,0.18003458899170074,0.1626388339888276,0.028727168957701693,0.5352286480064629,0.02638958093615531,0.0007791519165039062,0.0006864070892333984,0.001863241195678711,0.0026388168334960938,0.3338508605957031
24,0,0,300,0.20000000000000004,0.2,MNAR,0.011625011761983236,0.27900028228759766,1.1354559175512329,0.03515086529672012,"[0, 0, 0, 0, 0]","[0.011533656908932956, 0.7120674274309571, 0.007039680370235032, 0.8832031540415483, -0.04460634308732165]","[[1.0, 0.0, 0.0, 0.0, 0.0], [0.0, 1.0, 0.0, 0.0, 0.0], [0.0, 0.0, 1.0, 0.0, 0.0], [0.0, 0.0, 0.0, 1.0, 0.0], [0.0, 0.0, 0.0, 0.0, 1.0]]","[[1.0961980386612535, 0.005010304912426383, 0.013126295720403825, -0.03351018536170369, -0.01591537573702605], [0.005010304912426383, 0.3921769560227836, 0.008872990386101098, -0.062474223528892786, -0.1032284283990388], [0.013126295720403825, 0.008872990386101098, 0.9406117903855405, -0.06921981022176452, 0.07890480249090398], [-0.03351018536170369, -0.062474223528892786, -0.06921981022176452, 0.4222672104398671, -0.01714327266426278], [-0.01591537573702605, -0.1032284283990388, 0.07890480249090398, -0.01714327266426278, 1.0344825228535972]]",1.1443897775386234,0.04568785635902326,1.0177196611181003,0.0452535971204021,0.5727871470872231,0.03675133257956818,1.1510016260029419,0.04488123131240853,1.1133891917220717,0.03969759871265455,0.0007596015930175781,0.0006551742553710938,0.0019366741180419922,0.0030906200408935547,0.395827054977417
25,0,0,300,0.25000000000000006,0.24933333333333332,MCAR,0.012968805101182725,0.23343849182128906,0.08249972636515034,0.013562609421443878,"[0, 0, 0, 0, 0]","[-0.03064788476083077, -0.043989276927815846, 0.007039680370235032, 0.05463565177605412, 0.02995403112554517]","[[1.0, 0.0, 0.0, 0.0, 0.0], [0.0, 1.0, 0.0, 0.0, 0.0], [0.0, 0.0, 1.0, 0.0, 0.0], [0.0, 0.0, 0.0, 1.0, 0.0], [0.0, 0.0, 0.0, 0.0, 1.0]]","[[0.9110615558019145, -0.004985443319280319, -0.0019190255000368635, -0.07871981358697054, -0.07445948353635072], [-0.004985443319280319, 0.9234592879331708, 0.014277733929905315, -0.11861096674697094, -0.007561184509836734], [-0.0019190255000368635, 0.014277733929905315, 0.9406117903855405, -0.09085745494001835, 0.07191098389373171], [-0.07871981358697054, -0.11861096674697094, -0.09085745494001835, 1.1279318059651045, 0.03349046289582898], [-0.07445948353635072, -0.007561184509836734, 0.07191098389373171, 0.03349046289582898, 1.0030247425754413]]",0.0864106571746656,0.03774813420980606,0.08848250695872753,0.03774734362952127,2.164346379031346,0.046457909939240184,0.09964432630170952,0.03555617812914613,0.13603409744549327,0.020037616816396087,0.0007343292236328125,0.0007030963897705078,0.0018405914306640625,0.0032498836517333984,0.28561949729919434
26,0,0,300,0.25000000000000006,0.24933333333333332,MAR,0.009173208559063119,1.302595615386963,0.33118140991154116,0.026059239247004626,"[0, 0, 0, 0, 0]","[0.011533656908932956, 0.3048406358475945, 0.007039680370235032, 0.05463565177605412, -0.11655760902072504]","[[1.0, 0.0, 0.0, 0.0, 0.0], [0.0, 1.0, 0.0, 0.0, 0.0], [0.0, 0.0, 1.0, 0.0, 0.0], [0.0, 0.0, 0.0, 1.0, 0.0], [0.0, 0.0, 0.0, 0.0, 1.0]]","[[1.0961980386612535, -0.35122571471719494, 0.013126295720403825, -0.10572695738567718, 0.06534883936748714], [-0.35122571471719494, 0.9681452412915988, 0.14395189626593524, -0.15195139967448168, -0.03857055582356407], [0.013126295720403825, 0.14395189626593524, 0.9406117903855405, -0.09085745494001835, -0.013518149769167084], [-0.10572695738567718, -0.15195139967448168, -0.09085745494001835, 1.1279318059651045, 0.01059954462453311], [0.06534883936748714, -0.03857055582356407, -0.013518149769167084, 0.01059954462453311, 1.0927673703559626]]",0.08728173303077325,0.03744192758239918,0.09588331865246384,0.037435386679127124,2.285900635951338,0.12714509420398898,0.07697417705888013,0.03687790969673758,0.6307244477332842,0.04007812502395499,0.0007505416870117188,0.0006399154663085938,0.0018963813781738281,0.0029180049896240234,0.34586143493652344
27,0,0,300,0.25000000000000006,0.24933333333333332,MNAR,0.012479496002197266,0.31198740005493164,1.4678537056428296,0.0407718803182868,"[0, 0, 0, 0, 0]","[1.0786193844096867, -0.043989276927815846, 0.007039680370235032, 0.05463565177605412, 0.9930785752979034]","[[1.0, 0.0, 0.0, 0.0, 0.0], [0.0, 1.0, 0.0, 0.0, 0.0], [0.0, 0.0, 1.0, 0.0, 0.0], [0.0, 0.0, 0.0, 1.0, 0.0], [0.0, 0.0, 0.0, 0.0, 1.0]]","[[0.3494398813085096, -0.10382888040793849, 0.060742112060701944, -0.12242693448748, 0.035655342469671385], [-0.10382888040793849, 0.9234592879331708, 0.014277733929905315, -0.11861096674697094, -0.008801257937123967], [0.060742112060701944, 0.014277733929905315, 0.9406117903855405, -0.09085745494001835, 0.03903985305486725], [-0.12242693448748, -0.11861096674697094, -0.09085745494001835, 1.1279318059651045, 0.11761568506308928], [0.035655342469671385, -0.008801257937123967, 0.03903985305486725, 0.11761568506308928, 0.3272433493581785]]",1.4759142092270243,0.050674564870802755,1.3485827845295248,0.05041386895787937,0.8113821102872891,0.04343480787473579,1.4759836152630805,0.050167593572832014,1.4171447195518796,0.045138943396901506,0.0008060932159423828,0.0007860660552978516,0.0018851757049560547,0.0026853084564208984,0.32764577865600586
28,0,0,300,0.30000000000000004,0.3,MCAR,0.012385638205559699,1.1270930767059326,0.10542994284054803,0.01933362638207169,"[0, 0, 0, 0, 0]","[0.011533656908932956, -0.009509400552387578, 0.007039680370235032, 0.05463565177605412, -0.08864201803937669]","[[1.0, 0.0, 0.0, 0.0, 0.0], [0.0, 1.0, 0.0, 0.0, 0.0], [0.0, 0.0, 1.0, 0.0, 0.0], [0.0, 0.0, 0.0, 1.0, 0.0], [0.0, 0.0, 0.0, 0.0, 1.0]]","[[1.0961980386612535, 0.021321734089461027, 0.013126295720403825, -0.10572695738567718, 0.05987409210465074], [0.021321734089461027, 0.9295177533341291, -0.12991642893442118, -0.08612280728780435, 0.2185254315795526], [0.013126295720403825, -0.12991642893442118, 0.9406117903855405, -0.09085745494001835, -0.04653585780843928], [-0.10572695738567718, -0.08612280728780435, -0.09085745494001835, 1.1279318059651045, -0.0397721857871535], [0.05987409210465074, 0.2185254315795526, -0.04653585780843928, -0.0397721857871535, 1.024906042278173]]",0.11005164719347665,0.044118547423910436,0.08303992132216792,0.04410466092803697,2.513560075506111,0.02003663033581267,0.1786153367110261,0.04211869069072241,0.1632592099247898,0.022208779960406003,0.0007190704345703125,0.0006649494171142578,0.001756906509399414,0.0028727054595947266,0.2765791416168213
29,0,0,300,0.30000000000000004,0.3,MAR,0.012327123880386353,2.4654247760772705,0.4306041355459031,0.027370549410461624,"[0, 0, 0, 0, 0]","[0.011533656908932956, -0.043989276927815846, -0.17019375145456153, 0.05463565177605412, 0.3891026501371304]","[[1.0, 0.0, 0.0, 0.0, 0.0], [0.0, 1.0, 0.0, 0.0, 0.0], [0.0, 0.0, 1.0, 0.0, 0.0], [0.0, 0.0, 0.0, 1.0, 0.0], [0.0, 0.0, 0.0, 0.0, 1.0]]","[[1.0961980386612535, -0.0016113219616783192, 0.07093704897289589, -0.10572695738567718, -0.10414955471998581], [-0.0016113219616783192, 0.9234592879331708, 0.12869275399686875, -0.11861096674697094, 0.12168401967796963], [0.07093704897289589, 0.12869275399686875, 0.8951664675950897, -0.10803765501968457, 0.1678129294307143], [-0.10572695738567718, -0.11861096674697094, -0.10803765501968457, 1.1279318059651045, -0.2900244570157421], [-0.10414955471998581, 0.12168401967796963, 0.16781292943071427, -0.2900244570157421, 1.181267660782199]]",0.07756322539781232,0.044012542846045104,0.1107456143401421,0.043908344348804904,2.09146818625888,0.0536285977153661,0.1726858621716653,0.04261376184468788,0.2431621911268372,0.023473958353548305,0.00074005126953125,0.0006954669952392578,0.001810312271118164,0.0029087066650390625,0.4077112674713135
30,0,0,300,0.30000000000000004,0.3,MNAR,0.01237329602241516,2.4746592044830322,1.6890460953815347,0.045251633942191886,"[0, 0, 0, 0, 0]","[0.011533656908932956, 1.145774291518179, 0.007039680370235032, 0.05463565177605412, 1.2397218835017882]","[[1.0, 0.0, 0.0, 0.0, 0.0], [0.0, 1.0, 0.0, 0.0, 0.0], [0.0, 0.0, 1.0, 0.0, 0.0], [0.0, 0.0, 0.0, 1.0, 0.0], [0.0, 0.0, 0.0, 0.0, 1.0]]","[[1.0961980386612535, -0.09749672093465407, 0.013126295720403825, -0.10572695738567718, 0.06841693211406805], [-0.09749672093465407, 0.3118794503537745, 0.03925802006832681, -0.1523173456399121, -0.18532234578095802], [0.013126295720403825, 0.03925802006832681, 0.9406117903855405, -0.09085745494001835, 0.014894908135641283], [-0.10572695738567718, -0.1523173456399121, -0.09085745494001835, 1.1279318059651045, 0.1228937154878214], [0.06841693211406805, -0.18532234578095802, 0.014894908135641283, 0.1228937154878214, 0.2511637732758187]]",1.7476208382193361,0.05385491817002794,1.6099896764976265,0.053692272177001524,1.1040495902024505,0.050099468767934176,1.7274859103139277,0.05372354325389028,1.7041312122122114,0.046669420099334495,0.0007939338684082031,0.0006825923919677734,0.0018100738525390625,0.0029757022857666016,0.284198522567749
31,0,0,500,0.1,0.1,MCAR,0.014898742948259627,0.10429120063781738,0.06999779547719047,0.014624398089493904,"[0, 0, 0, 0, 0]","[-0.031038485415502817, -0.008796805441384024, 0.04047896908010925, 0.001651117507496266, 0.04709189826278655]","[[1.0, 0.0, 0.0, 0.0, 0.0], [0.0, 1.0, 0.0, 0.0, 0.0], [0.0, 0.0, 1.0, 0.0, 0.0], [0.0, 0.0, 0.0, 1.0, 0.0], [0.0, 0.0, 0.0, 0.0, 1.0]]","[[1.003592466004409, -0.027959744666268067, -0.07867448887275394, -0.031029096407582665, 0.012706345121859596], [-0.027959744666268067, 1.2991408963867155, 0.03094920307153724, -0.0005263101247864672, 0.02521955436077764], [-0.07867448887275394, 0.03094920307153724, 1.001082403137627, -0.06851818765068012, -0.07982435544726031], [-0.031029096407582665, -0.0005263101247864672, -0.06851818765068012, 0.9747035974942294, 0.01363680480196529], [0.012706345121859596, 0.02521955436077764, -0.07982435544726031, 0.01363680480196529, 1.0405763747625973]]",0.07105305834624706,0.01237670944784865,0.08633612000720475,0.012314032267186794,1.1467531941955424,0.10236098152359542,0.06750595974897734,0.01200817315562312,0.0871757436887336,0.013415776154538466,0.0008084774017333984,0.000732421875,0.0019605159759521484,0.005057334899902344,0.39786362648010254
