simulation_id,mean_idx,cov_idx,n_samples,missingness_pct,actual_missingness_pct,mechanism,num_iterations,convergence_time,mu_error,sigma_error,true_mu,estimated_mu,true_sigma,estimated_sigma,mean_imputation_error,mean_imputation_cov_error,median_imputation_error,median_imputation_cov_error,mode_imputation_error,mode_imputation_cov_error,knn_imputation_error,knn_imputation_cov_error,mice_imputation_error,mice_imputation_cov_error,mean_imputation_time,median_imputation_time,mode_imputation_time,knn_imputation_time,mice_imputation_time
1,0,0,100,0.1,0.1,MCAR,7,0.04105830192565918,0.2301348019865027,0.020587896969003202,"[0, 0, 0, 0, 0]","[-0.04474718554398746, 0.07695423149134198, -0.14628459596408303, 0.1503383149352411, -0.03220203057095878]","[[1.0, 0.0, 0.0, 0.0, 0.0], [0.0, 1.0, 0.0, 0.0, 0.0], [0.0, 0.0, 1.0, 0.0, 0.0], [0.0, 0.0, 0.0, 1.0, 0.0], [0.0, 0.0, 0.0, 0.0, 1.0]]","[[0.8025278813698152, -0.14336087124116872, 0.03874810167015791, -0.023745329504985545, -0.1206623445904175], [-0.14336087124116872, 0.9587879977331287, 0.04966793233627951, 0.024778542948217682, 0.05973892405206897], [0.03874810167015791, 0.04966793233627951, 1.0111696721564747, 0.11240123997109587, -0.05233121606929407], [-0.023745329504985545, 0.024778542948217682, 0.11240123997109587, 0.7171865794922583, -0.05603460010480286], [-0.1206623445904175, 0.05973892405206897, -0.05233121606929407, -0.05603460010480286, 1.1394037498631444]]",0.2401145361185186,0.026009648156198783,0.2352625857744958,0.026045975021874317,0.9890632932856893,0.06982449079086135,0.2358685555665293,0.025774619062897654,0.2638214288578866,0.02263165125170377,0.0013990402221679688,0.0014846324920654297,0.005593061447143555,0.002988576889038086,0.6147058010101318
2,0,0,100,0.1,0.1,MAR,26,0.10006189346313477,0.3819109563916017,0.023492631858894858,"[0, 0, 0, 0, 0]","[-0.30931902999424726, 0.07695423149134198, -0.16376758019361248, 0.1280584688944021, -0.03220203057095878]","[[1.0, 0.0, 0.0, 0.0, 0.0], [0.0, 1.0, 0.0, 0.0, 0.0], [0.0, 0.0, 1.0, 0.0, 0.0], [0.0, 0.0, 0.0, 1.0, 0.0], [0.0, 0.0, 0.0, 0.0, 1.0]]","[[0.7198325088210712, 0.193595070680592, 0.062820668198386, -0.03625632467447514, -0.058578131531694846], [0.193595070680592, 0.9587879977331287, 0.21566274119338744, 0.03572569607416273, 0.05973892405206897], [0.062820668198386, 0.21566274119338744, 1.0505746135455971, 0.11944092610643016, 0.07295542688803962], [-0.03625632467447514, 0.03572569607416273, 0.11944092610643016, 0.9115394648887915, 0.01870953832339028], [-0.058578131531694846, 0.05973892405206897, 0.07295542688803962, 0.01870953832339028, 1.1394037498631444]]",0.278891190539061,0.024229407837377127,0.2743767124146224,0.023932113652340666,1.0918078218135878,0.11679877066580331,0.3551110219113383,0.026815111564132587,0.5158581699612225,0.03352295718597684,0.0013501644134521484,0.0010619163513183594,0.002927541732788086,0.0023751258850097656,0.4256298542022705
3,0,0,100,0.1,0.1,MNAR,11,0.06418657302856445,0.6733792563636177,0.028652487977678723,"[0, 0, 0, 0, 0]","[-0.04474718554398746, 0.5234020669896686, -0.09387351132755992, 0.1280584688944021, 0.3902260639335987]","[[1.0, 0.0, 0.0, 0.0, 0.0], [0.0, 1.0, 0.0, 0.0, 0.0], [0.0, 0.0, 1.0, 0.0, 0.0], [0.0, 0.0, 0.0, 1.0, 0.0], [0.0, 0.0, 0.0, 0.0, 1.0]]","[[0.8025278813698152, 0.10745005341409752, 0.03934937513115534, -0.0870969665169037, -0.09245078708013982], [0.10745005341409752, 0.4921952906742332, 0.10624703222678077, -0.040250193989321364, 0.036214726378795435], [0.03934937513115534, 0.10624703222678077, 0.9584633522154522, 0.007967979328129045, 0.1403395788431131], [-0.0870969665169037, -0.040250193989321364, 0.007967979328129045, 0.9115394648887915, 0.08159676919555987], [-0.09245078708013982, 0.036214726378795435, 0.1403395788431131, 0.08159676919555987, 0.7412251113356644]]",0.6574625321317491,0.03378058869344256,0.61468527862547,0.033527639077557465,0.29027749738278297,0.022859977177586345,0.6890430694484573,0.034269769472462165,0.6713227645984898,0.03181307881288934,0.0014324188232421875,0.0012392997741699219,0.0035321712493896484,0.002981424331665039,0.43695688247680664
4,0,0,100,0.2,0.2,MCAR,31,0.21201252937316895,0.23194330498121396,0.026083191128902783,"[0, 0, 0, 0, 0]","[-0.04474718554398746, 0.11703887209522566, -0.09387351132755992, 0.1680716562312614, -0.03220203057095878]","[[1.0, 0.0, 0.0, 0.0, 0.0], [0.0, 1.0, 0.0, 0.0, 0.0], [0.0, 0.0, 1.0, 0.0, 0.0], [0.0, 0.0, 0.0, 1.0, 0.0], [0.0, 0.0, 0.0, 0.0, 1.0]]","[[0.8025278813698152, -0.16165088299692648, 0.03934937513115534, 0.033631904845300285, -0.1206623445904175], [-0.16165088299692648, 0.9627427932644992, 0.27068128648181905, -0.20279083699719344, 0.04483524137679158], [0.03934937513115534, 0.27068128648181905, 0.9584633522154522, -0.006838617636243192, 0.04474732557653849], [0.033631904845300285, -0.20279083699719344, -0.006838617636243192, 1.0017703604139716, -0.14145591117782774], [-0.1206623445904175, 0.04483524137679158, 0.04474732557653849, -0.14145591117782774, 1.1394037498631444]]",0.21518933037880023,0.03267198120539164,0.226457056524436,0.032647287580229875,1.413386033967692,0.04805098516982302,0.22815443625803836,0.03409270118780527,0.2570991034910185,0.03382409117555862,0.0018208026885986328,0.0011548995971679688,0.003247499465942383,0.0024721622467041016,0.6347692012786865
5,0,0,100,0.2,0.2,MAR,67,0.4386141300201416,0.26132982581057823,0.01963508272187154,"[0, 0, 0, 0, 0]","[-0.04474718554398746, 0.1434663983441076, -0.16814403813926154, 0.1280584688944021, -0.03220203057095878]","[[1.0, 0.0, 0.0, 0.0, 0.0], [0.0, 1.0, 0.0, 0.0, 0.0], [0.0, 0.0, 1.0, 0.0, 0.0], [0.0, 0.0, 0.0, 1.0, 0.0], [0.0, 0.0, 0.0, 0.0, 1.0]]","[[0.8025278813698152, 0.03846296987956039, 0.10211931637699503, -0.0870969665169037, -0.1206623445904175], [0.03846296987956039, 0.924256600919403, 0.17749271229456948, 0.018041859468071544, -0.040879153613844775], [0.10211931637699503, 0.17749271229456948, 0.929648168870365, -0.04285115119600098, 0.11077178950140538], [-0.0870969665169037, 0.018041859468071544, -0.04285115119600098, 0.9115394648887915, 0.01870953832339028], [-0.1206623445904175, -0.040879153613844775, 0.11077178950140538, 0.01870953832339028, 1.1394037498631444]]",0.21713440379034438,0.03338607612023377,0.20910927868282286,0.033420387190690015,1.5227475914261661,0.08221015209154554,0.2798240264034376,0.03252235688162536,0.21790356104887834,0.027384783847803008,0.0010423660278320312,0.0010004043579101562,0.003145933151245117,0.0024268627166748047,0.671560525894165
6,0,0,100,0.2,0.2,MNAR,22,0.1736137866973877,1.0669413499106382,0.036276180334914955,"[0, 0, 0, 0, 0]","[-0.04474718554398746, 0.07695423149134198, 0.6753182617605107, 0.1280584688944021, 0.8111632718927723]","[[1.0, 0.0, 0.0, 0.0, 0.0], [0.0, 1.0, 0.0, 0.0, 0.0], [0.0, 0.0, 1.0, 0.0, 0.0], [0.0, 0.0, 0.0, 1.0, 0.0], [0.0, 0.0, 0.0, 0.0, 1.0]]","[[0.8025278813698152, -0.14336087124116872, 0.12369958735710612, -0.0870969665169037, -0.12222502928245088], [-0.14336087124116872, 0.9587879977331287, 0.008987103736947315, 0.03572569607416273, -0.05109840977706411], [0.12369958735710612, 0.008987103736947315, 0.31474467795913097, 0.04039104664857326, 0.07096540016992564], [-0.0870969665169037, 0.03572569607416273, 0.04039104664857326, 0.9115394648887915, 0.050139690287960906], [-0.12222502928245088, -0.05109840977706411, 0.07096540016992564, 0.050139690287960906, 0.5983469701889643]]",1.0552864296930788,0.045939861597702504,0.9610303830041897,0.04564388856623765,0.4944294832983205,0.0374927809733997,1.0974862655045925,0.0456409356804168,1.0360975668142354,0.042572994728803076,0.0012111663818359375,0.0013155937194824219,0.0033538341522216797,0.0027663707733154297,0.6113853454589844
7,0,0,100,0.3,0.3,MCAR,95,0.7194828987121582,0.511809156755682,0.028327320001252047,"[0, 0, 0, 0, 0]","[-0.04474718554398746, 0.07695423149134198, -0.09387351132755992, 0.4828373464578776, -0.1099100055362616]","[[1.0, 0.0, 0.0, 0.0, 0.0], [0.0, 1.0, 0.0, 0.0, 0.0], [0.0, 0.0, 1.0, 0.0, 0.0], [0.0, 0.0, 0.0, 1.0, 0.0], [0.0, 0.0, 0.0, 0.0, 1.0]]","[[0.8025278813698152, -0.14336087124116872, 0.03934937513115534, -0.19269787453288317, -0.3026528630485096], [-0.14336087124116872, 0.9587879977331287, 0.11768496828705509, 0.056588739002251115, 0.1648017701053941], [0.03934937513115534, 0.11768496828705509, 0.9584633522154522, 0.032377071639486374, 0.12644245181613697], [-0.19269787453288317, 0.056588739002251115, 0.032377071639486374, 0.9290220922763954, -0.02126595743412783], [-0.3026528630485096, 0.1648017701053941, 0.12644245181613697, -0.02126595743412783, 0.8296981495013472]]",0.5265022510098255,0.046578701030740764,0.3818608472609448,0.04623548027981808,1.6293079958151808,0.022995916747372065,0.5898579711812094,0.04704132833994908,0.4855679191302025,0.035490063142684165,0.0012857913970947266,0.0009143352508544922,0.002408742904663086,0.002799510955810547,0.47782301902770996
8,0,0,100,0.3,0.3,MAR,200,1.177145004272461,0.2709022043840234,0.02691449153963216,"[0, 0, 0, 0, 0]","[-0.04474718554398746, 0.07695423149134198, -0.22613699305144055, 0.11527718587106404, -0.03220203057095878]","[[1.0, 0.0, 0.0, 0.0, 0.0], [0.0, 1.0, 0.0, 0.0, 0.0], [0.0, 0.0, 1.0, 0.0, 0.0], [0.0, 0.0, 0.0, 1.0, 0.0], [0.0, 0.0, 0.0, 0.0, 1.0]]","[[0.8025278813698152, -0.14336087124116872, 0.11782830718514542, -0.2186425463668697, -0.1206623445904175], [-0.14336087124116872, 0.9587879977331287, -0.018984566667220006, -0.12689992936879838, 0.05973892405206897], [0.11782830718514542, -0.018984566667220006, 0.6838564782106669, -0.03212389589528332, 0.06385255557782474], [-0.2186425463668697, -0.12689992936879838, -0.03212389589528332, 1.2135793400018147, 0.03981470580056493], [-0.1206623445904175, 0.05973892405206897, 0.06385255557782474, 0.03981470580056493, 1.1394037498631444]]",0.21087583480983896,0.045991024100184436,0.34613223221679723,0.04593468037351456,1.4662022711942417,0.04761098329999467,0.3436051607963286,0.045529138969342985,0.30825793096743725,0.03577425746956381,0.0008299350738525391,0.0007472038269042969,0.0030019283294677734,0.002183675765991211,0.45963525772094727
9,0,0,100,0.3,0.3,MNAR,101,0.574277400970459,1.7399620009573287,0.04678946887648615,"[0, 0, 0, 0, 0]","[-0.04474718554398746, 0.07695423149134198, 1.102900487694383, 1.34242953032459, -0.03220203057095878]","[[1.0, 0.0, 0.0, 0.0, 0.0], [0.0, 1.0, 0.0, 0.0, 0.0], [0.0, 0.0, 1.0, 0.0, 0.0], [0.0, 0.0, 0.0, 1.0, 0.0], [0.0, 0.0, 0.0, 0.0, 1.0]]","[[0.8025278813698152, -0.14336087124116872, -0.017528880234402234, -0.22209891781691837, -0.1206623445904175], [-0.14336087124116872, 0.9587879977331287, 0.021876508709545925, 0.11855966449772652, 0.05973892405206897], [-0.017528880234402234, 0.021876508709545925, 0.1874937319922804, -0.1282809439284624, 0.02927481561472801], [-0.22209891781691837, 0.11855966449772652, -0.1282809439284624, 0.3623557149966836, -0.02316174487112835], [-0.1206623445904175, 0.05973892405206897, 0.02927481561472801, -0.02316174487112835, 1.1394037498631444]]",1.776318617866046,0.05496840320927474,1.613383292665723,0.0547097254295686,1.1432845846220843,0.051387593998062975,1.8052903983459936,0.054854968457057396,1.7468269148073563,0.04986251873781534,0.0008411407470703125,0.0007834434509277344,0.002234935760498047,0.002440214157104492,0.3912477493286133
10,0,0,500,0.1,0.1,MCAR,7,0.12183475494384766,0.05281169484597734,0.007082934033638504,"[0, 0, 0, 0, 0]","[0.0016003220908903818, -0.03234317789496751, -0.0287549089193032, 0.029559871865066423, 0.006308891640213406]","[[1.0, 0.0, 0.0, 0.0, 0.0], [0.0, 1.0, 0.0, 0.0, 0.0], [0.0, 0.0, 1.0, 0.0, 0.0], [0.0, 0.0, 0.0, 1.0, 0.0], [0.0, 0.0, 0.0, 0.0, 1.0]]","[[0.950528357623383, -0.026523818366778237, -0.03573278121592025, 0.04993522824252891, -0.020557651867058595], [-0.026523818366778237, 0.9562658100355383, 0.028378229334532754, 0.01662702801631676, 0.039782097224947216], [-0.03573278121592025, 0.028378229334532754, 1.066534268644926, -0.030412588898573203, -0.040667023934430446], [0.04993522824252891, 0.01662702801631676, -0.030412588898573203, 1.0209606681573353, -0.029347679689973077], [-0.020557651867058595, 0.039782097224947216, -0.040667023934430446, -0.029347679689973077, 0.9887358480474189]]",0.05338278051886105,0.014848807842474337,0.05526251725678677,0.014828768381974257,1.2363103867530978,0.11366837759687028,0.05549977180058058,0.01404511117956518,0.06080959016979673,0.011947899721883974,0.0009274482727050781,0.0009086132049560547,0.002309083938598633,0.0059888362884521484,0.6153092384338379
11,0,0,500,0.1,0.1,MAR,21,0.3794727325439453,0.10769475433310943,0.012051312785514972,"[0, 0, 0, 0, 0]","[-0.057422246282762573, -0.03234317789496751, -0.07963150411713908, 0.029559871865066423, 0.006308891640213406]","[[1.0, 0.0, 0.0, 0.0, 0.0], [0.0, 1.0, 0.0, 0.0, 0.0], [0.0, 0.0, 1.0, 0.0, 0.0], [0.0, 0.0, 0.0, 1.0, 0.0], [0.0, 0.0, 0.0, 0.0, 1.0]]","[[1.021678469467357, -0.05665375933223824, -0.03193521585954163, 0.12109785578880353, -0.051200980923705265], [-0.05665375933223824, 0.9562658100355383, 0.0775272675083327, 0.01662702801631676, 0.039782097224947216], [-0.03193521585954163, 0.0775272675083327, 1.1495314558162189, -0.043304723507576914, -0.024688742458113384], [0.12109785578880353, 0.01662702801631676, -0.043304723507576914, 1.0209606681573353, -0.029347679689973077], [-0.051200980923705265, 0.039782097224947216, -0.024688742458113384, -0.029347679689973077, 0.9887358480474189]]",0.09918878712508718,0.012919416230685326,0.09940987136585228,0.01312618561411124,1.2734577464966015,0.14498413550807193,0.10130546847186545,0.013734775549407763,0.13814750315210436,0.01682430910889108,0.0009152889251708984,0.0012454986572265625,0.0028274059295654297,0.005518436431884766,0.8226041793823242
12,0,0,500,0.1,0.1,MNAR,6,0.11264610290527344,0.6131618629104513,0.029256293195368807,"[0, 0, 0, 0, 0]","[0.4169387460178447, -0.03234317789496751, -0.08479151924623846, 0.029559871865066423, 0.43934050949095543]","[[1.0, 0.0, 0.0, 0.0, 0.0], [0.0, 1.0, 0.0, 0.0, 0.0], [0.0, 0.0, 1.0, 0.0, 0.0], [0.0, 0.0, 0.0, 1.0, 0.0], [0.0, 0.0, 0.0, 0.0, 1.0]]","[[0.4956670317219175, -0.045066564761553185, 0.0038902739549864884, 0.05268588764140858, 0.026328901202737884], [-0.045066564761553185, 0.9562658100355383, 0.029308432543079015, 0.01662702801631676, -0.0006262929215842857], [0.0038902739549864884, 0.029308432543079015, 1.1009141487103988, -0.019323383617756523, -0.014471337537656406], [0.05268588764140858, 0.01662702801631676, -0.019323383617756523, 1.0209606681573353, 0.03016323427918805], [0.026328901202737884, -0.0006262929215842857, -0.014471337537656406, 0.03016323427918805, 0.49822114195977607]]",0.6120672943580184,0.03596340678463751,0.5799225495871099,0.03586053162330902,0.24116367363320432,0.023853349162765873,0.6171416880014317,0.035420445989691636,0.6116337197203455,0.03115724721980657,0.0009775161743164062,0.0009205341339111328,0.0025339126586914062,0.0056552886962890625,0.7796056270599365
13,0,0,500,0.2,0.2,MCAR,13,0.31018829345703125,0.10476580127325281,0.00844060672513234,"[0, 0, 0, 0, 0]","[0.004770010407531953, -0.05193328836313435, -0.08479151924623846, 0.029559871865066423, -0.013880414841275463]","[[1.0, 0.0, 0.0, 0.0, 0.0], [0.0, 1.0, 0.0, 0.0, 0.0], [0.0, 0.0, 1.0, 0.0, 0.0], [0.0, 0.0, 0.0, 1.0, 0.0], [0.0, 0.0, 0.0, 0.0, 1.0]]","[[0.9525708320814107, -0.05526915573866777, -0.0002520594349089036, 0.05138602083537286, -0.027100374343796876], [-0.05526915573866777, 0.9595292634896571, -0.0362819482077113, 0.005606888965529171, 0.04029360783854281], [-0.0002520594349089036, -0.0362819482077113, 1.1009141487103988, -0.019323383617756523, -0.02722105543194922], [0.05138602083537286, 0.005606888965529171, -0.019323383617756523, 1.0209606681573353, -0.03425832361324535], [-0.027100374343796876, 0.04029360783854281, -0.02722105543194922, -0.03425832361324535, 0.9185212941983987]]",0.10656707543954537,0.030569253399295105,0.11613754161330737,0.030539892481149845,1.9494665596510412,0.07374976100998713,0.09931476381486698,0.02910129857581151,0.12262884933853062,0.017876422115221273,0.0009107589721679688,0.0009067058563232422,0.0023260116577148438,0.009820938110351562,0.6220991611480713
14,0,0,500,0.2,0.2,MAR,74,1.2395446300506592,0.12343488455658587,0.015405510025922895,"[0, 0, 0, 0, 0]","[0.004770010407531953, -0.09239928744777771, -0.07590916457810326, 0.029559871865066423, 0.006308891640213406]","[[1.0, 0.0, 0.0, 0.0, 0.0], [0.0, 1.0, 0.0, 0.0, 0.0], [0.0, 0.0, 1.0, 0.0, 0.0], [0.0, 0.0, 0.0, 1.0, 0.0], [0.0, 0.0, 0.0, 0.0, 1.0]]","[[0.9525708320814107, 0.0037593260852169337, -0.037376905534686124, 0.05138602083537286, -0.03718670534736521], [0.0037593260852169337, 0.9873930177215623, 0.1474324780459084, 0.0309040307909401, 0.08084041383135922], [-0.037376905534686124, 0.1474324780459084, 1.2678055968976283, -0.026458877504522423, -0.024409276267877974], [0.05138602083537286, 0.0309040307909401, -0.026458877504522423, 1.0209606681573353, -0.029347679689973077], [-0.03718670534736521, 0.08084041383135922, -0.024409276267877974, -0.029347679689973077, 0.9887358480474189]]",0.10343489306346265,0.025817998597970543,0.1018842880067361,0.0258501968195855,2.221912550538206,0.19522312672970316,0.09564388785261771,0.024382567146090856,0.1471630277711692,0.01480720787800478,0.0008816719055175781,0.0008518695831298828,0.002772092819213867,0.0063784122467041016,0.8693263530731201
15,0,0,500,0.2,0.2,MNAR,11,0.27060508728027344,1.112938686172017,0.03530907198694012,"[0, 0, 0, 0, 0]","[0.004770010407531953, 0.737780601440902, -0.08479151924623846, 0.8288909134902465, 0.006308891640213406]","[[1.0, 0.0, 0.0, 0.0, 0.0], [0.0, 1.0, 0.0, 0.0, 0.0], [0.0, 0.0, 1.0, 0.0, 0.0], [0.0, 0.0, 0.0, 1.0, 0.0], [0.0, 0.0, 0.0, 0.0, 1.0]]","[[0.9525708320814107, 0.035827337290624844, -0.0002520594349089036, 0.03474702080947119, -0.03718670534736521], [0.035827337290624844, 0.39038684807894697, 0.022541817632674162, 0.009068369182164533, 0.02694321541683911], [-0.0002520594349089036, 0.022541817632674162, 1.1009141487103988, 0.008000919344226616, -0.0028076827690316614], [0.03474702080947119, 0.009068369182164533, 0.008000919344226616, 0.38146031496872745, -0.030845178748784764], [-0.03718670534736521, 0.02694321541683911, -0.0028076827690316614, -0.030845178748784764, 0.9887358480474189]]",1.1131898748684503,0.04594338898477014,1.0134164001635768,0.045662887109852675,0.5478889654560509,0.03686152677207748,1.113998369655603,0.045093020958942145,1.124505477930669,0.03980713685215261,0.000949859619140625,0.0009851455688476562,0.002385377883911133,0.009094715118408203,0.6724779605865479
16,0,0,500,0.3,0.3,MCAR,61,1.6287384033203125,0.20510655148508264,0.014013812291033233,"[0, 0, 0, 0, 0]","[0.004770010407531953, -0.03234317789496751, -0.19616779320660602, 0.029559871865066423, 0.04054965092624708]","[[1.0, 0.0, 0.0, 0.0, 0.0], [0.0, 1.0, 0.0, 0.0, 0.0], [0.0, 0.0, 1.0, 0.0, 0.0], [0.0, 0.0, 0.0, 1.0, 0.0], [0.0, 0.0, 0.0, 0.0, 1.0]]","[[0.9525708320814107, -0.03851212710336676, -0.0718006573542216, 0.05138602083537286, 0.058246886280117226], [-0.03851212710336676, 0.9562658100355383, -0.046778534343003456, 0.01662702801631676, 0.060305804812505734], [-0.0718006573542216, -0.046778534343003456, 0.9390862068673113, 0.09077122608420035, 0.08607922815896969], [0.05138602083537286, 0.01662702801631676, 0.09077122608420035, 1.0209606681573353, -0.1104669379658263], [0.058246886280117226, 0.060305804812505734, 0.08607922815896969, -0.1104669379658263, 1.145531306217998]]",0.21241779097270974,0.042179195048937405,0.170957944470905,0.04215887457013326,3.207189600806093,0.05069323702367142,0.1996576122630644,0.03877815359987003,0.21880291847000996,0.03299091665196025,0.0008647441864013672,0.0008542537689208984,0.002231121063232422,0.009687185287475586,0.6249144077301025
17,0,0,500,0.3,0.3,MAR,200,4.475851058959961,0.3995132442454129,0.023553481718399896,"[0, 0, 0, 0, 0]","[0.004770010407531953, -0.03234317789496751, -0.34554204497384716, 0.19774450994509385, 0.006308891640213406]","[[1.0, 0.0, 0.0, 0.0, 0.0], [0.0, 1.0, 0.0, 0.0, 0.0], [0.0, 0.0, 1.0, 0.0, 0.0], [0.0, 0.0, 0.0, 1.0, 0.0], [0.0, 0.0, 0.0, 0.0, 1.0]]","[[0.9525708320814107, -0.03851212710336676, -0.026150042414157398, 0.1068125517105091, -0.03718670534736521], [-0.03851212710336676, 0.9562658100355383, 0.2194669881897579, -0.11783927731296369, 0.039782097224947216], [-0.026150042414157398, 0.2194669881897579, 1.294919500230098, -0.0818288545695218, 0.20425116177901825], [0.1068125517105091, -0.11783927731296369, -0.0818288545695218, 1.0351597341539935, 0.010265486322574367], [-0.03718670534736521, 0.039782097224947216, 0.20425116177901825, 0.010265486322574367, 0.9887358480474189]]",0.07707739529693776,0.040824529386990493,0.09430397115381746,0.040838438942234816,3.295123040278974,0.14288127824813843,0.1349174404611869,0.0380706623113409,0.30189106914985814,0.024535281285135192,0.0009171962738037109,0.0009393692016601562,0.0023849010467529297,0.009076833724975586,0.661069393157959
18,0,0,500,0.3,0.3,MNAR,51,1.3608195781707764,1.7649711924330898,0.04578940937032866,"[0, 0, 0, 0, 0]","[1.2304007800806065, -0.03234317789496751, -0.08479151924623846, 0.029559871865066423, 1.2617954515604373]","[[1.0, 0.0, 0.0, 0.0, 0.0], [0.0, 1.0, 0.0, 0.0, 0.0], [0.0, 0.0, 1.0, 0.0, 0.0], [0.0, 0.0, 0.0, 1.0, 0.0], [0.0, 0.0, 0.0, 0.0, 1.0]]","[[0.22125988688372525, 0.006610913814580014, 0.035771679778931934, 0.05601319486931661, 0.054327168244356544], [0.006610913814580014, 0.9562658100355383, 0.029308432543079015, 0.01662702801631676, 0.010394001957509266], [0.035771679778931934, 0.029308432543079015, 1.1009141487103988, -0.019323383617756523, -0.030481384305698876], [0.05601319486931661, 0.01662702801631676, -0.019323383617756523, 1.0209606681573353, -0.0021926349287547547], [0.054327168244356544, 0.010394001957509266, -0.030481384305698876, -0.0021926349287547547, 0.18053624902549212]]",1.7665955773791095,0.05397573331164287,1.6157620807951742,0.0537489159182811,1.1933092487378258,0.05089328687324052,1.777193756528345,0.05335325636384855,1.8087712126936955,0.04702299835237369,0.0009686946868896484,0.0008709430694580078,0.0022509098052978516,0.010913610458374023,0.6855905055999756
19,0,0,700,0.1,0.1,MCAR,7,0.17161941528320312,0.06724863100816077,0.005523005227975608,"[0, 0, 0, 0, 0]","[-0.020342548885256714, 0.019834567655217062, -0.016522476853956955, 0.03901363316060026, -0.04381886796203079]","[[1.0, 0.0, 0.0, 0.0, 0.0], [0.0, 1.0, 0.0, 0.0, 0.0], [0.0, 0.0, 1.0, 0.0, 0.0], [0.0, 0.0, 0.0, 1.0, 0.0], [0.0, 0.0, 0.0, 0.0, 1.0]]","[[0.9662827258422174, 0.03986692750380299, 0.025516997800869495, -0.0007339254696553806, -0.02739466204038044], [0.03986692750380299, 1.0617437560296057, 0.012562563660455403, -0.004807669385886673, -0.03924341856207827], [0.025516997800869495, 0.012562563660455403, 0.9764527778900528, 0.031646863424694784, 0.014924506366069859], [-0.0007339254696553806, -0.004807669385886673, 0.031646863424694784, 1.0085029746231604, 0.02792364665892585], [-0.02739466204038044, -0.03924341856207827, 0.014924506366069859, 0.02792364665892585, 0.992524170421144]]",0.06752981411217485,0.01415639600895966,0.06846888066383834,0.014156804916855385,1.0434902059780677,0.07941731266362581,0.06640025664716424,0.013209623118517207,0.07181376814730758,0.008625810223842918,0.0009093284606933594,0.0009198188781738281,0.0023484230041503906,0.01009058952331543,0.7885477542877197
20,0,0,700,0.1,0.1,MAR,21,0.4733314514160156,0.10128249714126134,0.00856879694617793,"[0, 0, 0, 0, 0]","[-0.00590342812119055, 0.011889344368581075, -0.016522476853956955, -0.010391868726274123, -0.09849342149128124]","[[1.0, 0.0, 0.0, 0.0, 0.0], [0.0, 1.0, 0.0, 0.0, 0.0], [0.0, 0.0, 1.0, 0.0, 0.0], [0.0, 0.0, 0.0, 1.0, 0.0], [0.0, 0.0, 0.0, 0.0, 1.0]]","[[0.9790164969843448, -0.007636386215657991, 0.0026080668625248983, -0.02033022268207734, 0.04464272444938675], [-0.007636386215657991, 1.0479455546671212, -0.026488636317840597, -0.019560803327256463, 0.019116585517072345], [0.0026080668625248983, -0.026488636317840597, 0.9764527778900528, 0.10010728969539408, 0.03045777477403272], [-0.02033022268207734, -0.019560803327256463, 0.10010728969539408, 0.9018275237398183, 0.037221610745908046], [0.04464272444938675, 0.019116585517072345, 0.03045777477403272, 0.037221610745908046, 0.9788493533730832]]",0.09799138687876147,0.017402710227486157,0.10212674290468167,0.017525060064147103,1.0087836510382524,0.09612347320816086,0.09348409079669448,0.017011385647054497,0.3358582683314147,0.027821040013277298,0.0009412765502929688,0.0010423660278320312,0.0024728775024414062,0.009957551956176758,0.794278621673584
21,0,0,700,0.1,0.1,MNAR,7,0.16504883766174316,0.6503305678910174,0.02619779517729208,"[0, 0, 0, 0, 0]","[-0.00590342812119055, 0.45405670768357553, -0.016522476853956955, 0.46317860253530674, -0.04381886796203079]","[[1.0, 0.0, 0.0, 0.0, 0.0], [0.0, 1.0, 0.0, 0.0, 0.0], [0.0, 0.0, 1.0, 0.0, 0.0], [0.0, 0.0, 0.0, 1.0, 0.0], [0.0, 0.0, 0.0, 0.0, 1.0]]","[[0.9790164969843448, -0.061469584469406556, 0.0026080668625248983, -0.008267711641158528, -0.01113373846413], [-0.061469584469406556, 0.5336066029156061, -0.019995180651727708, 0.0021610848390682044, 0.01143360495101231], [0.0026080668625248983, -0.019995180651727708, 0.9764527778900528, -0.03414604789565678, 0.014924506366069859], [-0.008267711641158528, 0.0021610848390682044, -0.03414604789565678, 0.5547429659926264, 0.01269744301150474], [-0.01113373846413, 0.01143360495101231, 0.014924506366069859, 0.01269744301150474, 0.992524170421144]]",0.6486810993841635,0.03363729133029719,0.6158995641028002,0.03353034132320361,0.2556204636871941,0.020417809961468213,0.6471144375883165,0.03301679844134481,0.7039872377098655,0.028556181389911874,0.0015234947204589844,0.001199960708618164,0.002435445785522461,0.010004043579101562,0.853471040725708
22,0,0,700,0.2,0.2,MCAR,18,0.5769591331481934,0.06604387355340346,0.013044761766374067,"[0, 0, 0, 0, 0]","[0.015550942581410921, 0.02011995068369421, -0.016522476853956955, 0.03901363316060026, -0.04381886796203079]","[[1.0, 0.0, 0.0, 0.0, 0.0], [0.0, 1.0, 0.0, 0.0, 0.0], [0.0, 0.0, 1.0, 0.0, 0.0], [0.0, 0.0, 0.0, 1.0, 0.0], [0.0, 0.0, 0.0, 0.0, 1.0]]","[[0.9410935589838336, 0.1888218977630603, -0.025219914426049622, -0.02239865662740976, -0.021611729420027277], [0.1888218977630603, 0.9388471004012257, -0.0694969930659772, -0.05328146492912511, -0.04795207096316855], [-0.025219914426049622, -0.0694969930659772, 0.9764527778900528, 0.031646863424694784, 0.014924506366069859], [-0.02239865662740976, -0.05328146492912511, 0.031646863424694784, 1.0085029746231604, 0.02792364665892585], [-0.021611729420027277, -0.04795207096316855, 0.014924506366069859, 0.02792364665892585, 0.992524170421144]]",0.0688412832480964,0.030337934557986387,0.07177551154776407,0.030335285308586313,1.9847088598789981,0.08571880434976804,0.0701424914903203,0.028680655799095626,0.06388033175380607,0.021178561243576532,0.0008928775787353516,0.0009205341339111328,0.0023267269134521484,0.01651740074157715,0.794485330581665
23,0,0,700,0.2,0.2,MAR,70,1.6503643989562988,0.24786549466724087,0.012031554216281269,"[0, 0, 0, 0, 0]","[-0.00590342812119055, 0.011889344368581075, -0.10614807598861394, 0.219256902395297, -0.04381886796203079]","[[1.0, 0.0, 0.0, 0.0, 0.0], [0.0, 1.0, 0.0, 0.0, 0.0], [0.0, 0.0, 1.0, 0.0, 0.0], [0.0, 0.0, 0.0, 1.0, 0.0], [0.0, 0.0, 0.0, 0.0, 1.0]]","[[0.9790164969843448, -0.007636386215657991, 0.023566305279500373, 0.008323096128976597, -0.01113373846413], [-0.007636386215657991, 1.0479455546671212, -0.06363162988817224, -0.017858058023911313, -0.07361443959909918], [0.023566305279500373, -0.06363162988817224, 1.0106596972051776, -0.008025801003676475, 0.10306251435868208], [0.008323096128976597, -0.017858058023911313, -0.008025801003676475, 0.9491311740600882, -0.14563191211546359], [-0.01113373846413, -0.07361443959909918, 0.10306251435868208, -0.14563191211546359, 0.992524170421144]]",0.11442577510404202,0.02962673689159258,0.09658764179076922,0.029562513902353215,1.84406963120345,0.15288289950203832,0.20168745238424177,0.027968766367142718,0.2936374324028757,0.0210309200575424,0.0009000301361083984,0.0009326934814453125,0.0034339427947998047,0.010920047760009766,0.7447934150695801
24,0,0,700,0.2,0.2,MNAR,14,0.43804931640625,1.1863150960867657,0.03641098271909458,"[0, 0, 0, 0, 0]","[-0.00590342812119055, 0.8378616410661818, -0.016522476853956955, 0.8385126366005413, -0.04381886796203079]","[[1.0, 0.0, 0.0, 0.0, 0.0], [0.0, 1.0, 0.0, 0.0, 0.0], [0.0, 0.0, 1.0, 0.0, 0.0], [0.0, 0.0, 0.0, 1.0, 0.0], [0.0, 0.0, 0.0, 0.0, 1.0]]","[[0.9790164969843448, -0.04769722874456568, 0.0026080668625248983, 0.005054899283273075, -0.01113373846413], [-0.04769722874456568, 0.33776364182874175, -0.025658358371067263, 0.04358660232540425, 0.02153892007709295], [0.0026080668625248983, -0.025658358371067263, 0.9764527778900528, -0.05302957708458268, 0.014924506366069859], [0.005054899283273075, 0.04358660232540425, -0.05302957708458268, 0.3903754530643483, 0.013665094136328593], [-0.01113373846413, 0.02153892007709295, 0.014924506366069859, 0.013665094136328593, 0.992524170421144]]",1.1837634449668903,0.04635302242168597,1.1283704582156906,0.046255737032928436,0.6032631769012223,0.03681449318409021,1.1883613199560004,0.045589916615711,1.2128955951767602,0.039111318326598234,0.0009458065032958984,0.0009582042694091797,0.0023872852325439453,0.014452934265136719,0.783693790435791
25,0,0,700,0.3,0.3,MCAR,38,1.3974215984344482,0.06987819853356132,0.01756396412535618,"[0, 0, 0, 0, 0]","[-0.02601335463847544, 0.011889344368581075, -0.016522476853956955, 0.03901363316060026, -0.047643002502514235]","[[1.0, 0.0, 0.0, 0.0, 0.0], [0.0, 1.0, 0.0, 0.0, 0.0], [0.0, 0.0, 1.0, 0.0, 0.0], [0.0, 0.0, 0.0, 1.0, 0.0], [0.0, 0.0, 0.0, 0.0, 1.0]]","[[0.9195023273030432, -0.048669042517116776, -0.026219471470835143, -0.03816076098401204, 0.23891401745037147], [-0.048669042517116776, 1.0479455546671212, -0.026488636317840597, -0.01290525186058582, -0.12723792424895874], [-0.026219471470835143, -0.026488636317840597, 0.9764527778900528, 0.031646863424694784, -0.007860594220273527], [-0.03816076098401204, -0.01290525186058582, 0.031646863424694784, 1.0085029746231604, -0.07225021974147869], [0.23891401745037147, -0.12723792424895874, -0.007860594220273527, -0.07225021974147869, 0.8836563572876118]]",0.0826864331222528,0.043968493081957015,0.08668593449117716,0.04396512012728262,2.8807471484867464,0.03302393691061682,0.07540914774380979,0.04150448367927668,0.04768684889044371,0.029524037173681336,0.0012812614440917969,0.0009336471557617188,0.0024759769439697266,0.017008066177368164,0.7535467147827148
26,0,0,700,0.3,0.3,MAR,200,6.2784788608551025,0.4209920761945489,0.013843926271885281,"[0, 0, 0, 0, 0]","[-0.00590342812119055, 0.08680722486479903, -0.016522476853956955, 0.03901363316060026, -0.4097181075477475]","[[1.0, 0.0, 0.0, 0.0, 0.0], [0.0, 1.0, 0.0, 0.0, 0.0], [0.0, 0.0, 1.0, 0.0, 0.0], [0.0, 0.0, 0.0, 1.0, 0.0], [0.0, 0.0, 0.0, 0.0, 1.0]]","[[0.9790164969843448, -0.050629850173510856, 0.0026080668625248983, 0.0016454364371010716, 0.21338891028546247], [-0.050629850173510856, 0.9960358151295697, -0.06914855048104711, -0.054578927186467396, 0.04236192665135669], [0.0026080668625248983, -0.06914855048104711, 0.9764527778900528, 0.031646863424694784, 0.005220540621375108], [0.0016454364371010716, -0.054578927186467396, 0.031646863424694784, 1.0085029746231604, -0.023528538052770952], [0.21338891028546247, 0.04236192665135669, 0.005220540621375108, -0.023528538052770952, 0.9854695242706396]]",0.14150504119285115,0.042877280393942695,0.20757520758779763,0.042899134809150245,3.1597793082050143,0.1260636024383356,0.2683771530896155,0.04108734067878483,0.33208946423215524,0.02797451337393218,0.0008919239044189453,0.0009174346923828125,0.0027763843536376953,0.014568090438842773,0.6526775360107422
27,0,0,700,0.3,0.3,MNAR,24,0.920090913772583,1.7528962273212236,0.04210960922303019,"[0, 0, 0, 0, 0]","[1.2607455594488217, 0.011889344368581075, -0.016522476853956955, 0.03901363316060026, 1.2170576838275835]","[[1.0, 0.0, 0.0, 0.0, 0.0], [0.0, 1.0, 0.0, 0.0, 0.0], [0.0, 0.0, 1.0, 0.0, 0.0], [0.0, 0.0, 0.0, 1.0, 0.0], [0.0, 0.0, 0.0, 0.0, 1.0]]","[[0.28722734659900806, -0.016282467350360375, 0.020894438439344656, 0.06203580073681047, 0.005933305944610021], [-0.016282467350360375, 1.0479455546671212, -0.026488636317840597, -0.01290525186058582, -0.03421475552915578], [0.020894438439344656, -0.026488636317840597, 0.9764527778900528, 0.031646863424694784, -0.0019949387241350635], [0.06203580073681047, -0.01290525186058582, 0.031646863424694784, 1.0085029746231604, -0.050478358370855514], [0.005933305944610021, -0.03421475552915578, -0.0019949387241350635, -0.050478358370855514, 0.24043691201964246]]",1.7576416655752451,0.05295078739867549,1.6193086223733673,0.05277374930158647,1.1157261264406866,0.04909462645826473,1.760508936343358,0.052077660807307344,1.7894081813297322,0.04626461292474744,0.0009157657623291016,0.0010921955108642578,0.0030651092529296875,0.016948461532592773,0.6659045219421387
28,0,0,1000,0.1,0.1,MCAR,7,0.22483253479003906,0.03544624450273518,0.00797953286668516,"[0, 0, 0, 0, 0]","[-0.030424763087745266, 0.012405322419367521, -0.00848196873281559, 0.010161570980001278, -0.0012948736261617847]","[[1.0, 0.0, 0.0, 0.0, 0.0], [0.0, 1.0, 0.0, 0.0, 0.0], [0.0, 0.0, 1.0, 0.0, 0.0], [0.0, 0.0, 0.0, 1.0, 0.0], [0.0, 0.0, 0.0, 0.0, 1.0]]","[[0.9854263107147183, 0.0014475402436408928, 0.08057352275160344, -0.0017361650236427124, -0.06220204318523462], [0.0014475402436408928, 0.9448688407546125, -0.0161854203879254, -0.0445887477331192, -0.017184665316554052], [0.08057352275160344, -0.0161854203879254, 1.0081892378667645, 0.005817292935455913, 0.06282998515508069], [-0.0017361650236427124, -0.0445887477331192, 0.005817292935455913, 1.0377263623201374, 0.025156904937803197], [-0.06220204318523462, -0.017184665316554052, 0.06282998515508069, 0.025156904937803197, 0.9988558918211536]]",0.03593979453895497,0.016694103045848244,0.04026034762078148,0.016675567724675808,1.1136467982239857,0.09393862600150875,0.03681509588385264,0.015726294538949557,0.04780373999266651,0.011810139369007228,0.001071929931640625,0.0010881423950195312,0.0024013519287109375,0.016635417938232422,0.8536128997802734
29,0,0,1000,0.1,0.1,MAR,20,0.631476879119873,0.04128835335625999,0.007978337706166813,"[0, 0, 0, 0, 0]","[-0.030424763087745266, -0.022674529621427412, 0.010158690446267772, 0.010161570980001278, -0.007646640046992751]","[[1.0, 0.0, 0.0, 0.0, 0.0], [0.0, 1.0, 0.0, 0.0, 0.0], [0.0, 0.0, 1.0, 0.0, 0.0], [0.0, 0.0, 0.0, 1.0, 0.0], [0.0, 0.0, 0.0, 0.0, 1.0]]","[[0.9854263107147183, 0.023977883152828977, 0.08811270464960219, -0.0017361650236427124, -0.05974202927868193], [0.023977883152828977, 0.9461200462918344, -0.011928349918521276, -0.02043166270141275, -0.027490918068492902], [0.08811270464960219, -0.011928349918521276, 1.001063197158411, -0.021255098201592527, 0.01596919125707369], [-0.0017361650236427124, -0.02043166270141275, -0.021255098201592527, 1.0377263623201374, 0.03608318550452186], [-0.05974202927868193, -0.027490918068492902, 0.01596919125707369, 0.03608318550452186, 1.069090063396959]]",0.040716480825605264,0.013958195490390806,0.04306241422631222,0.013993653416798736,1.1435886857723794,0.13221377303206144,0.04075141991533872,0.013009163278290865,0.22258637749692234,0.022436664293130074,0.0009169578552246094,0.0010128021240234375,0.0023522377014160156,0.016805171966552734,0.9093978404998779
30,0,0,1000,0.1,0.1,MNAR,6,0.19785642623901367,0.5926019095845164,0.0290951422323166,"[0, 0, 0, 0, 0]","[-0.030424763087745266, 0.3933633767362138, -0.00848196873281559, 0.010161570980001278, 0.44197444446323747]","[[1.0, 0.0, 0.0, 0.0, 0.0], [0.0, 1.0, 0.0, 0.0, 0.0], [0.0, 0.0, 1.0, 0.0, 0.0], [0.0, 0.0, 0.0, 1.0, 0.0], [0.0, 0.0, 0.0, 0.0, 1.0]]","[[0.9854263107147183, -0.01054556396081478, 0.08057352275160344, -0.0017361650236427124, -0.05589266482683094], [-0.01054556396081478, 0.47689928941266113, -0.007886958252222605, 0.0008680501638907498, 0.00805035334119602], [0.08057352275160344, -0.007886958252222605, 1.0081892378667645, 0.005817292935455913, -0.014227580978471316], [-0.0017361650236427124, 0.0008680501638907498, 0.005817292935455913, 1.0377263623201374, -0.005184174300768949], [-0.05589266482683094, 0.00805035334119602, -0.014227580978471316, -0.005184174300768949, 0.5167815698433976]]",0.5923712428399656,0.03589673846829771,0.5518886856927062,0.035755502597709946,0.21980781657577622,0.02428569124583874,0.6010923345285131,0.03521912414246545,0.5956646254126686,0.03071330829281417,0.0008974075317382812,0.0010106563568115234,0.0030837059020996094,0.016156435012817383,0.8814003467559814
31,0,0,1000,0.2,0.2,MCAR,12,0.5887541770935059,0.0451084647335372,0.008001629798650907,"[0, 0, 0, 0, 0]","[-0.023263624361619467, 0.03549369619520894, -0.00848196873281559, 0.010161570980001278, 0.007653338109242214]","[[1.0, 0.0, 0.0, 0.0, 0.0], [0.0, 1.0, 0.0, 0.0, 0.0], [0.0, 0.0, 1.0, 0.0, 0.0], [0.0, 0.0, 0.0, 1.0, 0.0], [0.0, 0.0, 0.0, 0.0, 1.0]]","[[1.0557695455025806, 0.015456065813115517, 0.09390794887107913, -0.011568872143378074, -0.07214595285135027], [0.015456065813115517, 0.9737353053166509, -0.014817825294237828, -0.041750791631502686, 0.017192015786688053], [0.09390794887107913, -0.014817825294237828, 1.0081892378667645, 0.005817292935455913, 0.01853543608545474], [-0.011568872143378074, -0.041750791631502686, 0.005817292935455913, 1.0377263623201374, 0.012645623929499198], [-0.07214595285135027, 0.017192015786688053, 0.01853543608545474, 0.012645623929499198, 1.0184874777630173]]",0.04471242944551265,0.028176843935226153,0.07887851105932311,0.028141469247790676,2.423268076895594,0.14095471225761602,0.051886364814589435,0.02586744938696757,0.01784891483782483,0.01563373126927268,0.0010783672332763672,0.0016055107116699219,0.0037717819213867188,0.03567004203796387,1.0717594623565674
32,0,0,1000,0.2,0.2,MAR,65,3.0449979305267334,0.1111799810433705,0.01192830820029387,"[0, 0, 0, 0, 0]","[-5.626700389331996e-05, -0.022674529621427412, 0.10809726923599654, 0.010161570980001278, 0.007653338109242214]","[[1.0, 0.0, 0.0, 0.0, 0.0], [0.0, 1.0, 0.0, 0.0, 0.0], [0.0, 0.0, 1.0, 0.0, 0.0], [0.0, 0.0, 0.0, 1.0, 0.0], [0.0, 0.0, 0.0, 0.0, 1.0]]","[[1.0023139030467603, 0.03395774416537174, 0.1343094912045096, -0.01607224423287535, -0.0968589553676753], [0.03395774416537174, 0.9461200462918344, -0.1033294285296821, -0.02043166270141275, -0.005609034991461178], [0.1343094912045096, -0.1033294285296821, 0.9475394850789005, -0.0038763849857292743, -0.024862929852833237], [-0.01607224423287535, -0.02043166270141275, -0.0038763849857292743, 1.0377263623201374, 0.012645623929499198], [-0.0968589553676753, -0.005609034991461178, -0.024862929852833237, 0.012645623929499198, 1.0184874777630173]]",0.036339309236667484,0.029493976651981568,0.04917134280087403,0.029526423207598816,2.2187284225752526,0.15085058091622108,0.09336443328142134,0.028347438834538,0.5457686499603804,0.036552101540132026,0.0009560585021972656,0.0010409355163574219,0.002441883087158203,0.031374216079711914,0.8114175796508789
