simulation_id,mean_idx,cov_idx,n_samples,missingness_pct,actual_missingness_pct,mechanism,num_iterations,convergence_time,mu_error,sigma_error,true_mu,estimated_mu,true_sigma,estimated_sigma,dataset_file
1,0,0,500,0.1,0.1,MCAR,9,0.24101495742797852,0.2562812352665777,0.23879336440876228,"[50, 100, 25, 75]","[49.849285631644264, 99.87594349721421, 25.166034243233124, 75.00280444494638]","[[10, 5, 2, 3], [5, 20, 4, 6], [2, 4, 15, 1], [3, 6, 1, 12]]","[[9.959360286282026, 4.611583549649604, 1.7815900325406941, 2.5770342507952124], [4.611583549649604, 16.92454768454123, 2.720774260086331, 5.331556600439852], [1.7815900325406941, 2.720774260086331, 15.299838448785458, 0.7621818353657671], [2.5770342507952124, 5.331556600439852, 0.7621818353657671, 11.885047567306367]]",missing_MCAR_mean0_cov0_n500_miss10.csv
2,0,0,500,0.1,0.1,MAR,21,0.4091057777404785,0.3323635859068942,0.31245699064401417,"[50, 100, 25, 75]","[49.849285631644264, 99.78483730064089, 25.07362834873348, 75.18982784694376]","[[10, 5, 2, 3], [5, 20, 4, 6], [2, 4, 15, 1], [3, 6, 1, 12]]","[[9.959360286282026, 4.235740473115729, 1.7838756195550614, 2.09115448436112], [4.235740473115729, 16.6295307257524, 3.760381936980916, 3.7495308204297295], [1.7838756195550614, 3.760381936980916, 14.564162904986915, 0.9970960639127623], [2.09115448436112, 3.7495308204297295, 0.9970960639127623, 11.4672977878893]]",missing_MAR_mean0_cov0_n500_miss10.csv
3,0,0,500,0.1,0.1,MNAR,10,0.2436199188232422,1.404780789162043,0.842042097992218,"[50, 100, 25, 75]","[50.9199166897851, 101.04233196014259, 25.201738864395065, 75.00280444494638]","[[10, 5, 2, 3], [5, 20, 4, 6], [2, 4, 15, 1], [3, 6, 1, 12]]","[[5.66440875912507, 1.5337746548088123, 1.1911010900458356, 1.0966150886833026], [1.5337746548088123, 10.088429598720346, 2.3482638462141368, 2.3834163143222313], [1.1911010900458356, 2.3482638462141368, 15.07147123391552, 0.6405612264019815], [1.0966150886833026, 2.3834163143222313, 0.6405612264019815, 11.885047567306367]]",missing_MNAR_mean0_cov0_n500_miss10.csv
4,0,0,500,0.2,0.2,MCAR,24,0.9161722660064697,0.367065567713538,0.2934382996075655,"[50, 100, 25, 75]","[49.82226856868164, 99.78483730064089, 25.23842360876271, 75.00280444494638]","[[10, 5, 2, 3], [5, 20, 4, 6], [2, 4, 15, 1], [3, 6, 1, 12]]","[[9.026066133959741, 4.006596874946878, 1.3916157065380617, 2.018081329397923], [4.006596874946878, 16.6295307257524, 2.9890209202745974, 4.7758305712604185], [1.3916157065380617, 2.9890209202745974, 15.082640427005112, 0.8757797093338456], [2.018081329397923, 4.7758305712604185, 0.8757797093338456, 11.885047567306367]]",missing_MCAR_mean0_cov0_n500_miss20.csv
5,0,0,500,0.2,0.2,MAR,48,1.4289300441741943,0.3050398954430648,0.31591404237345505,"[50, 100, 25, 75]","[49.79006255415879, 100.09093498956241, 25.201738864395065, 75.00280444494638]","[[10, 5, 2, 3], [5, 20, 4, 6], [2, 4, 15, 1], [3, 6, 1, 12]]","[[10.168137772486913, 4.444611581076225, 1.9066398935112105, 2.3919769853446295], [4.444611581076225, 16.393325294484463, 2.0099919078802575, 4.787121186300636], [1.9066398935112105, 2.0099919078802575, 15.07147123391552, 0.6405612264019815], [2.3919769853446295, 4.787121186300636, 0.6405612264019815, 11.885047567306367]]",missing_MAR_mean0_cov0_n500_miss20.csv
6,0,0,500,0.2,0.2,MNAR,21,0.8221743106842041,3.3936584618017536,0.8651591002210305,"[50, 100, 25, 75]","[49.849285631644264, 99.78483730064089, 27.626039290985386, 77.13350078264229]","[[10, 5, 2, 3], [5, 20, 4, 6], [2, 4, 15, 1], [3, 6, 1, 12]]","[[9.959360286282026, 4.235740473115729, 0.8607494712989081, 1.2536310685896535], [4.235740473115729, 16.6295307257524, 0.9147676368984793, 2.0093778250564425], [0.8607494712989081, 0.9147676368984793, 6.970388602136554, 0.08941761390136774], [1.2536310685896535, 2.0093778250564425, 0.08941761390136774, 4.6944987523609925]]",missing_MNAR_mean0_cov0_n500_miss20.csv
7,0,0,500,0.3,0.3,MCAR,37,1.7493770122528076,0.5232880988419114,0.2664047255577301,"[50, 100, 25, 75]","[49.56902709474853, 99.78483730064089, 25.201738864395065, 75.03315467879165]","[[10, 5, 2, 3], [5, 20, 4, 6], [2, 4, 15, 1], [3, 6, 1, 12]]","[[10.737208163670974, 5.073684373851056, 2.436635156830117, 2.9983476287427275], [5.073684373851056, 16.6295307257524, 3.1974451777677753, 5.0187924706776466], [2.436635156830117, 3.1974451777677753, 15.07147123391552, 2.1487063848132526], [2.9983476287427275, 5.0187924706776466, 2.1487063848132526, 11.877082199642606]]",missing_MCAR_mean0_cov0_n500_miss30.csv
8,0,0,500,0.3,0.3,MAR,152,5.637310743331909,0.9547955503058503,0.5378858185037338,"[50, 100, 25, 75]","[49.849285631644264, 100.57207176302092, 25.749430287016523, 75.00280444494638]","[[10, 5, 2, 3], [5, 20, 4, 6], [2, 4, 15, 1], [3, 6, 1, 12]]","[[9.959360286282026, 2.8345223627319784, 1.77605811564796, 2.5770342507952124], [2.8345223627319784, 14.41743786565467, 4.302116561605789, 2.44023118368253], [1.77605811564796, 4.302116561605789, 15.493150600254825, -0.9078795229095172], [2.5770342507952124, 2.44023118368253, -0.9078795229095172, 11.885047567306367]]",missing_MAR_mean0_cov0_n500_miss30.csv
9,0,0,500,0.3,0.3,MNAR,29,1.34660005569458,4.290758193600557,0.9540636490615924,"[50, 100, 25, 75]","[52.789749078682966, 99.78483730064089, 25.201738864395065, 78.246677131674]","[[10, 5, 2, 3], [5, 20, 4, 6], [2, 4, 15, 1], [3, 6, 1, 12]]","[[2.818871501153731, 1.4618223739375855, 0.9729571726370339, 0.5608003620595111], [1.4618223739375855, 16.6295307257524, 3.1974451777677753, 0.9452729150058705], [0.9729571726370339, 3.1974451777677753, 15.07147123391552, -0.3156351401408475], [0.5608003620595111, 0.9452729150058705, -0.3156351401408475, 3.328779148174262]]",missing_MNAR_mean0_cov0_n500_miss30.csv
10,0,0,1000,0.1,0.1,MCAR,9,0.4779493808746338,0.15853094348615912,0.10372549949037158,"[50, 100, 25, 75]","[50.124514621202344, 99.90658146745888, 24.97117423325845, 75.00837986271209]","[[10, 5, 2, 3], [5, 20, 4, 6], [2, 4, 15, 1], [3, 6, 1, 12]]","[[9.941693678931502, 4.294425959476716, 2.3778940362450456, 2.7836015288105274], [4.294425959476716, 20.380003844948575, 4.492015820945258, 5.528752021927949], [2.3778940362450456, 4.492015820945258, 15.53756241505517, 1.0697667945315301], [2.7836015288105274, 5.528752021927949, 1.0697667945315301, 11.932578408596829]]",missing_MCAR_mean0_cov0_n1000_miss10.csv
11,0,0,1000,0.1,0.1,MAR,22,0.9123921394348145,0.15264784305604154,0.1407988850575457,"[50, 100, 25, 75]","[50.091444626407274, 99.90658146745888, 24.964279143526234, 74.92974160205684]","[[10, 5, 2, 3], [5, 20, 4, 6], [2, 4, 15, 1], [3, 6, 1, 12]]","[[10.30143812257654, 4.440547445494054, 2.815138161358811, 3.352663583494462], [4.440547445494054, 20.380003844948575, 4.983095075481935, 5.757268677293329], [2.815138161358811, 4.983095075481935, 15.668180333293174, 1.2612201418154672], [3.352663583494462, 5.757268677293329, 1.2612201418154672, 11.950848184108732]]",missing_MAR_mean0_cov0_n1000_miss10.csv
12,0,0,1000,0.1,0.1,MNAR,10,0.5102651119232178,1.722439060555428,0.5319035775411809,"[50, 100, 25, 75]","[51.12430937434967, 99.90658146745888, 26.299638981938, 74.92974160205684]","[[10, 5, 2, 3], [5, 20, 4, 6], [2, 4, 15, 1], [3, 6, 1, 12]]","[[5.901657302715734, 2.3764470616850573, 0.7779790478049949, 1.9507797352512932], [2.3764470616850573, 20.380003844948575, 2.584934815777735, 5.757268677293329], [0.7779790478049949, 2.584934815777735, 9.307578626034005, 1.0440280256454533], [1.9507797352512932, 5.757268677293329, 1.0440280256454533, 11.950848184108732]]",missing_MNAR_mean0_cov0_n1000_miss10.csv
13,0,0,1000,0.2,0.2,MCAR,13,0.9998822212219238,0.21073225023272044,0.16581864895595783,"[50, 100, 25, 75]","[50.18757566698429, 99.90658146745888, 24.99872835900489, 74.97775564901849]","[[10, 5, 2, 3], [5, 20, 4, 6], [2, 4, 15, 1], [3, 6, 1, 12]]","[[10.187933999362047, 3.6777948397700095, 2.485716458931622, 3.1529804367324363], [3.6777948397700095, 20.380003844948575, 4.645121208682138, 5.224499945571786], [2.485716458931622, 4.645121208682138, 15.491878754126242, 0.9799655775656809], [3.1529804367324363, 5.224499945571786, 0.9799655775656809, 11.24753865007549]]",missing_MCAR_mean0_cov0_n1000_miss20.csv
14,0,0,1000,0.2,0.2,MAR,55,3.1384971141815186,0.34691019629879033,0.09814248365501776,"[50, 100, 25, 75]","[50.124514621202344, 99.90658146745888, 25.310013160684623, 75.00275887351933]","[[10, 5, 2, 3], [5, 20, 4, 6], [2, 4, 15, 1], [3, 6, 1, 12]]","[[9.941693678931502, 4.294425959476716, 1.5799822934569911, 3.0763251408907775], [4.294425959476716, 20.380003844948575, 4.426674518674172, 5.924348942376863], [1.5799822934569911, 4.426674518674172, 15.40921373951639, 1.2893987837522127], [3.0763251408907775, 5.924348942376863, 1.2893987837522127, 12.497310769168825]]",missing_MAR_mean0_cov0_n1000_miss20.csv
15,0,0,1000,0.2,0.2,MNAR,18,1.2980296611785889,3.257222262011034,0.9182261850022048,"[50, 100, 25, 75]","[52.06506468812254, 102.51794893483908, 24.99872835900489, 74.92974160205684]","[[10, 5, 2, 3], [5, 20, 4, 6], [2, 4, 15, 1], [3, 6, 1, 12]]","[[4.228182351051274, 0.9949705838167696, 0.6716955779084183, 1.2790099536846555], [0.9949705838167696, 9.204159767952435, 2.0340953088673444, 3.1323102089158192], [0.6716955779084183, 2.0340953088673444, 15.491878754126242, 1.1128932680948749], [1.2790099536846555, 3.1323102089158192, 1.1128932680948749, 11.950848184108732]]",missing_MNAR_mean0_cov0_n1000_miss20.csv
16,0,0,1000,0.3,0.3,MCAR,51,5.050959825515747,0.29462136194391536,0.15502603982147792,"[50, 100, 25, 75]","[50.124514621202344, 99.97094014705569, 25.25596315845418, 74.92974160205684]","[[10, 5, 2, 3], [5, 20, 4, 6], [2, 4, 15, 1], [3, 6, 1, 12]]","[[9.941693678931502, 3.81918349822616, 2.0963510854311704, 3.1666461314600918], [3.81918349822616, 19.687738486344134, 4.899877032253795, 5.616653421443913], [2.0963510854311704, 4.899877032253795, 13.882410094073812, 0.8906701807611517], [3.1666461314600918, 5.616653421443913, 0.8906701807611517, 11.950848184108732]]",missing_MCAR_mean0_cov0_n1000_miss30.csv
17,0,0,1000,0.3,0.3,MAR,150,10.802520751953125,0.2486955581867582,0.08109051151094404,"[50, 100, 25, 75]","[50.124514621202344, 99.90658146745888, 25.191766926722252, 75.0290519080617]","[[10, 5, 2, 3], [5, 20, 4, 6], [2, 4, 15, 1], [3, 6, 1, 12]]","[[9.941693678931502, 4.294425959476716, 2.2570239626939332, 3.2577474345583894], [4.294425959476716, 20.380003844948575, 3.8331981651495863, 5.8446409384807865], [2.2570239626939332, 3.8331981651495863, 14.925305011478125, 1.191413324788418], [3.2577474345583894, 5.8446409384807865, 1.191413324788418, 11.696464779850684]]",missing_MAR_mean0_cov0_n1000_miss30.csv
18,0,0,1000,0.3,0.3,MNAR,32,2.9928359985351562,4.847957692578492,0.8995185414560055,"[50, 100, 25, 75]","[53.07461441941262, 99.90658146745888, 28.746435198460972, 74.92974160205684]","[[10, 5, 2, 3], [5, 20, 4, 6], [2, 4, 15, 1], [3, 6, 1, 12]]","[[2.9674089274259883, 1.2052761054378727, 0.2134398114743247, 1.0561829291460745], [1.2052761054378727, 20.380003844948575, 0.9574446501159327, 5.757268677293329], [0.2134398114743247, 0.9574446501159327, 5.217374300661522, 0.5194505992004765], [1.0561829291460745, 5.757268677293329, 0.5194505992004765, 11.950848184108732]]",missing_MNAR_mean0_cov0_n1000_miss30.csv
19,0,1,500,0.1,0.1,MCAR,7,0.1945970058441162,0.40007551547270986,0.06303375369791862,"[50, 100, 25, 75]","[50.18345597200477, 100.17811754854077, 25.298891012347735, 74.9269067304322]","[[5, 1, 0, 0], [1, 5, 1, 0], [0, 1, 5, 1], [0, 0, 1, 5]]","[[5.2504546214581485, 1.1174262714866727, 0.009870752891679666, -0.037544963323821505], [1.1174262714866727, 5.584213817905961, 1.0044418541098676, -0.45485635239683014], [0.009870752891679666, 1.0044418541098676, 4.665604431076089, 0.8892795650688735], [-0.037544963323821505, -0.45485635239683014, 0.8892795650688735, 4.820107561976105]]",missing_MCAR_mean0_cov1_n500_miss10.csv
20,0,1,500,0.1,0.1,MAR,22,0.4304349422454834,0.42452435575036745,0.05887297011815644,"[50, 100, 25, 75]","[50.19883901595257, 100.2180099446991, 25.298891012347735, 74.93819546043925]","[[5, 1, 0, 0], [1, 5, 1, 0], [0, 1, 5, 1], [0, 0, 1, 5]]","[[5.249836777659488, 1.0326984537395036, 0.11186824827511667, 0.011688189270478117], [1.0326984537395036, 5.613471240930514, 0.8592581781440495, -0.31373183222570844], [0.11186824827511667, 0.8592581781440495, 4.665604431076089, 0.9682759025568154], [0.011688189270478117, -0.31373183222570844, 0.9682759025568154, 4.733932829972931]]",missing_MAR_mean0_cov1_n500_miss10.csv
21,0,1,500,0.1,0.1,MNAR,9,0.2419421672821045,1.4594838011183864,0.20446436773364357,"[50, 100, 25, 75]","[50.19883901595257, 101.00223857912614, 26.039582231435823, 74.9269067304322]","[[5, 1, 0, 0], [1, 5, 1, 0], [0, 1, 5, 1], [0, 0, 1, 5]]","[[5.249836777659488, 1.0866092414118855, -0.10542755013118851, 0.03944224693977028], [1.0866092414118855, 3.271724728758221, 0.24631826997893716, -0.12829532356002007], [-0.10542755013118851, 0.24631826997893716, 2.546366735430774, 0.5579101623348051], [0.03944224693977028, -0.12829532356002007, 0.5579101623348051, 4.820107561976105]]",missing_MNAR_mean0_cov1_n500_miss10.csv
22,0,1,500,0.2,0.2,MCAR,16,0.6249916553497314,0.4193303485298382,0.0711987211145659,"[50, 100, 25, 75]","[50.19883901595257, 100.1641564455484, 25.298891012347735, 74.85851568618455]","[[5, 1, 0, 0], [1, 5, 1, 0], [0, 1, 5, 1], [0, 0, 1, 5]]","[[5.249836777659488, 1.0220372994547364, 0.11186824827511667, 0.09891571184879691], [1.0220372994547364, 5.641519596448369, 1.1597166226723432, -0.3500526740090063], [0.11186824827511667, 1.1597166226723432, 4.665604431076089, 0.7697573319990316], [0.09891571184879691, -0.3500526740090063, 0.7697573319990316, 4.48593875558521]]",missing_MCAR_mean0_cov1_n500_miss20.csv
23,0,1,500,0.2,0.2,MAR,55,2.204766035079956,0.4073907889027552,0.08351019108523419,"[50, 100, 25, 75]","[50.13845630848445, 100.21226690134706, 25.298891012347735, 74.88862661514558]","[[5, 1, 0, 0], [1, 5, 1, 0], [0, 1, 5, 1], [0, 0, 1, 5]]","[[5.548160190610958, 1.5298166859894988, 0.22237890204254454, -0.061635190699018357], [1.5298166859894988, 5.540892978368626, 0.9065528666184071, -0.3096516983711633], [0.22237890204254454, 0.9065528666184071, 4.665604431076089, 1.0797073142261158], [-0.061635190699018357, -0.3096516983711633, 1.0797073142261158, 4.563407593234349]]",missing_MAR_mean0_cov1_n500_miss20.csv
24,0,1,500,0.2,0.2,MNAR,14,0.5042586326599121,2.371599306079561,0.2774975636978142,"[50, 100, 25, 75]","[50.19883901595257, 101.67188312744051, 26.668655295876203, 74.9269067304322]","[[5, 1, 0, 0], [1, 5, 1, 0], [0, 1, 5, 1], [0, 0, 1, 5]]","[[5.249836777659488, 0.6578805149607945, -0.180940921284941, 0.03944224693977028], [0.6578805149607945, 2.4117282939026157, 0.08659205495382379, -0.047080972258945246], [-0.180940921284941, 0.08659205495382379, 1.7801824693846102, 0.46317819151826484], [0.03944224693977028, -0.047080972258945246, 0.46317819151826484, 4.820107561976105]]",missing_MNAR_mean0_cov1_n500_miss20.csv
25,0,1,500,0.3,0.3,MCAR,30,1.3996248245239258,0.61469114197102,0.0838828663083685,"[50, 100, 25, 75]","[50.45137555752597, 100.21226690134706, 25.351717845185824, 74.9269067304322]","[[5, 1, 0, 0], [1, 5, 1, 0], [0, 1, 5, 1], [0, 0, 1, 5]]","[[4.897788930030287, 1.2684104994771315, 0.0968023490635262, 0.2894186182726563], [1.2684104994771315, 5.540892978368626, 0.720972160421123, -0.3286818912007149], [0.0968023490635262, 0.720972160421123, 4.374970907514394, 0.5680658863650507], [0.2894186182726563, -0.3286818912007149, 0.5680658863650507, 4.820107561976105]]",missing_MCAR_mean0_cov1_n500_miss30.csv
26,0,1,500,0.3,0.3,MAR,161,5.976767063140869,0.8769817780002214,0.13592963217697063,"[50, 100, 25, 75]","[50.57474780661927, 100.58658634011746, 25.298891012347735, 74.9269067304322]","[[5, 1, 0, 0], [1, 5, 1, 0], [0, 1, 5, 1], [0, 0, 1, 5]]","[[5.302451746913432, 1.1222439196328013, -0.7993250627602163, -0.29292002441740417], [1.1222439196328013, 5.148798058711539, 0.13654317887742232, -0.8594509496466016], [-0.7993250627602163, 0.13654317887742232, 4.665604431076089, 0.8892795650688735], [-0.29292002441740417, -0.8594509496466016, 0.8892795650688735, 4.820107561976105]]",missing_MAR_mean0_cov1_n500_miss30.csv
27,0,1,500,0.3,0.3,MNAR,25,1.1767289638519287,3.0907897629005223,0.31546235294523617,"[50, 100, 25, 75]","[52.31261298773185, 100.21226690134706, 25.298891012347735, 77.0175255767288]","[[5, 1, 0, 0], [1, 5, 1, 0], [0, 1, 5, 1], [0, 0, 1, 5]]","[[1.8263152090288342, 0.6729134604315545, 0.403064951628542, -0.1250256677293948], [0.6729134604315545, 5.540892978368626, 0.9065528666184071, -0.1571181416321568], [0.403064951628542, 0.9065528666184071, 4.665604431076089, 0.21549498760648647], [-0.1250256677293948, -0.1571181416321568, 0.21549498760648647, 1.3762350645315897]]",missing_MNAR_mean0_cov1_n500_miss30.csv
28,0,1,1000,0.1,0.1,MCAR,7,0.39000868797302246,0.08158335912729518,0.06077336937068452,"[50, 100, 25, 75]","[50.02877796486335, 99.96315114957554, 25.066718146862343, 75.0043039895989]","[[5, 1, 0, 0], [1, 5, 1, 0], [0, 1, 5, 1], [0, 0, 1, 5]]","[[5.0253011903484595, 0.9731583970274378, 0.07672887242247757, 0.3791009545551552], [0.9731583970274378, 4.786743723566196, 1.1760583530371311, 0.23116314120274642], [0.07672887242247757, 1.1760583530371311, 4.917464790144718, 1.179036122747883], [0.3791009545551552, 0.23116314120274642, 1.179036122747883, 5.599129510301557]]",missing_MCAR_mean0_cov1_n1000_miss10.csv
29,0,1,1000,0.1,0.1,MAR,21,1.1721324920654297,0.0623572155653755,0.0689422263053619,"[50, 100, 25, 75]","[49.97519763222023, 99.9512189760144, 25.029582972434035, 75.0043039895989]","[[5, 1, 0, 0], [1, 5, 1, 0], [0, 1, 5, 1], [0, 0, 1, 5]]","[[4.973133625629381, 1.1152045110603988, 0.07900131010202033, 0.4940083259908462], [1.1152045110603988, 5.040734805309365, 1.266937455656799, 0.2173051812080952], [0.07900131010202033, 1.266937455656799, 4.862122091523401, 1.1902089537097515], [0.4940083259908462, 0.2173051812080952, 1.1902089537097515, 5.599129510301557]]",missing_MAR_mean0_cov1_n1000_miss10.csv
30,0,1,1000,0.1,0.1,MNAR,9,0.4658792018890381,1.047377888374529,0.1750101211368511,"[50, 100, 25, 75]","[50.02068861417781, 100.68897303479211, 25.066718146862343, 75.78577176616871]","[[5, 1, 0, 0], [1, 5, 1, 0], [0, 1, 5, 1], [0, 0, 1, 5]]","[[4.874949134893887, 0.6172427680663126, -0.020615245130452126, 0.3325957048196148], [0.6172427680663126, 2.8974354928010877, 0.7694944656207872, 0.20290209732725387], [-0.020615245130452126, 0.7694944656207872, 4.917464790144718, 0.7806281303208185], [0.3325957048196148, 0.20290209732725387, 0.7806281303208185, 3.3882520499580426]]",missing_MNAR_mean0_cov1_n1000_miss10.csv
31,0,1,1000,0.2,0.2,MCAR,12,0.9106030464172363,0.132086240788055,0.06228420935006649,"[50, 100, 25, 75]","[50.1023940726589, 99.9500761235216, 25.066718146862343, 75.0043039895989]","[[5, 1, 0, 0], [1, 5, 1, 0], [0, 1, 5, 1], [0, 0, 1, 5]]","[[4.879814385296597, 1.2860162728733084, -0.15799973927194605, 0.2275244536908644], [1.2860162728733084, 5.02907801121258, 1.0164771542299178, 0.33935542621828896], [-0.15799973927194605, 1.0164771542299178, 4.917464790144718, 1.179036122747883], [0.2275244536908644, 0.33935542621828896, 1.179036122747883, 5.599129510301557]]",missing_MCAR_mean0_cov1_n1000_miss20.csv
32,0,1,1000,0.2,0.2,MAR,49,2.7004849910736084,0.14245932226739683,0.08810187150058499,"[50, 100, 25, 75]","[50.10489528912884, 99.9512189760144, 25.066718146862343, 74.95039417980081]","[[5, 1, 0, 0], [1, 5, 1, 0], [0, 1, 5, 1], [0, 0, 1, 5]]","[[4.923039992790485, 0.8847253693361397, 0.04382370765743171, 0.5557295757791372], [0.8847253693361397, 5.040734805309365, 1.1150744637910561, 0.3565037259029848], [0.04382370765743171, 1.1150744637910561, 4.917464790144718, 1.2684740818224522], [0.5557295757791372, 0.3565037259029848, 1.2684740818224522, 5.948548032438248]]",missing_MAR_mean0_cov1_n1000_miss20.csv
33,0,1,1000,0.2,0.2,MNAR,14,1.1025876998901367,1.9936205955710466,0.282995722291218,"[50, 100, 25, 75]","[50.02068861417781, 101.35127216243019, 26.4656534648556, 75.0043039895989]","[[5, 1, 0, 0], [1, 5, 1, 0], [0, 1, 5, 1], [0, 0, 1, 5]]","[[4.874949134893887, 0.37903872181381687, -0.016591713042520582, 0.2866465921285287], [0.37903872181381687, 2.131879503906259, 0.21555875730051383, 0.1285251069755137], [-0.016591713042520582, 0.21555875730051383, 1.9856531754538935, 0.44530824963125887], [0.2866465921285287, 0.1285251069755137, 0.44530824963125887, 5.599129510301557]]",missing_MNAR_mean0_cov1_n1000_miss20.csv
34,0,1,1000,0.3,0.3,MCAR,26,2.4786086082458496,0.1453736706391004,0.10930640523997415,"[50, 100, 25, 75]","[50.02068861417781, 99.9512189760144, 25.105092999866123, 75.08533087622041]","[[5, 1, 0, 0], [1, 5, 1, 0], [0, 1, 5, 1], [0, 0, 1, 5]]","[[4.874949134893887, 1.0739490766945499, 0.14643287887078413, 0.33814906032984676], [1.0739490766945499, 5.040734805309365, 1.0202045580377854, 0.6067229960893049], [0.14643287887078413, 1.0202045580377854, 4.749596244446115, 1.8336684729036845], [0.33814906032984676, 0.6067229960893049, 1.8336684729036845, 5.754387732079116]]",missing_MCAR_mean0_cov1_n1000_miss30.csv
35,0,1,1000,0.3,0.3,MAR,112,8.170873403549194,0.3491916607639144,0.10367060363855314,"[50, 100, 25, 75]","[50.02068861417781, 99.69234391882897, 24.836183002766873, 75.0043039895989]","[[5, 1, 0, 0], [1, 5, 1, 0], [0, 1, 5, 1], [0, 0, 1, 5]]","[[4.874949134893887, 1.2113559515752585, 0.026367440895746427, 0.2866465921285287], [1.2113559515752585, 5.3432427928621005, 1.1666773853083967, 0.7534951531719717], [0.026367440895746427, 1.1666773853083967, 5.274157479347494, 1.6073195042616912], [0.2866465921285287, 0.7534951531719717, 1.6073195042616912, 5.599129510301557]]",missing_MAR_mean0_cov1_n1000_miss30.csv
36,0,1,1000,0.3,0.3,MNAR,23,2.2300591468811035,3.0646006266264467,0.27934967281924683,"[50, 100, 25, 75]","[52.15070206188567, 99.9512189760144, 25.066718146862343, 77.18161104285299]","[[5, 1, 0, 0], [1, 5, 1, 0], [0, 1, 5, 1], [0, 0, 1, 5]]","[[1.7381491021277407, 0.4432747177795235, 0.054647735165715985, 0.3795671802269194], [0.4432747177795235, 5.040734805309365, 1.1150744637910561, 0.2957194254469664], [0.054647735165715985, 1.1150744637910561, 4.917464790144718, 0.6123643829534527], [0.3795671802269194, 0.2957194254469664, 0.6123643829534527, 2.1869542456560476]]",missing_MNAR_mean0_cov1_n1000_miss30.csv
37,1,0,500,0.1,0.1,MCAR,9,0.24066758155822754,0.35230271591905254,0.1539951283012469,"[10, 20, 30, 40]","[10.122009886608705, 19.85393974670741, 30.29416911954376, 39.963098472543464]","[[10, 5, 2, 3], [5, 20, 4, 6], [2, 4, 15, 1], [3, 6, 1, 12]]","[[10.61341963869743, 5.635630890677586, 2.549781166533086, 2.8406351471453477], [5.635630890677586, 21.610325402112714, 4.263158043069308, 5.352996203311957], [2.549781166533086, 4.263158043069308, 14.29314513311906, 1.058104742045317], [2.8406351471453477, 5.352996203311957, 1.058104742045317, 11.605049581181097]]",missing_MCAR_mean1_cov0_n500_miss10.csv
38,1,0,500,0.1,0.1,MAR,24,0.6059658527374268,0.24333639584253428,0.27476900005014726,"[10, 20, 30, 40]","[10.0793236099554, 20.19464080496903, 29.883065827246007, 39.963098472543464]","[[10, 5, 2, 3], [5, 20, 4, 6], [2, 4, 15, 1], [3, 6, 1, 12]]","[[10.582933579888927, 4.8924713150221715, 3.1715856923911687, 3.108086142408675], [4.8924713150221715, 20.228004040702604, 4.84222654421064, 3.4541906525947885], [3.1715856923911687, 4.84222654421064, 14.97055193753259, 1.8961419364774414], [3.108086142408675, 3.4541906525947885, 1.8961419364774414, 11.605049581181097]]",missing_MAR_mean1_cov0_n500_miss10.csv
39,1,0,500,0.1,0.1,MNAR,10,0.2614109516143799,1.8214631903405525,0.5201726558382391,"[10, 20, 30, 40]","[11.09311141583685, 19.85393974670741, 31.449186070182922, 39.963098472543464]","[[10, 5, 2, 3], [5, 20, 4, 6], [2, 4, 15, 1], [3, 6, 1, 12]]","[[6.600414779096304, 3.6191147176365934, 1.374118586388602, 2.314887818321144], [3.6191147176365934, 21.610325402112714, 2.213571246218277, 5.352996203311957], [1.374118586388602, 2.213571246218277, 8.508689783527913, 0.8140298953341766], [2.314887818321144, 5.352996203311957, 0.8140298953341766, 11.605049581181097]]",missing_MNAR_mean1_cov0_n500_miss10.csv
40,1,0,500,0.2,0.2,MCAR,16,0.6185216903686523,0.16706794522084353,0.1416679080270575,"[10, 20, 30, 40]","[10.054920949443328, 20.037373653007823, 30.148784659709204, 39.963098472543464]","[[10, 5, 2, 3], [5, 20, 4, 6], [2, 4, 15, 1], [3, 6, 1, 12]]","[[11.010515438880324, 4.9935101303627425, 1.9926182072150538, 3.351912598040177], [4.9935101303627425, 20.462694546434758, 4.530251421104646, 4.826029162156751], [1.9926182072150538, 4.530251421104646, 14.743772978280495, 1.2391397451648976], [3.351912598040177, 4.826029162156751, 1.2391397451648976, 11.605049581181097]]",missing_MCAR_mean1_cov0_n500_miss20.csv
41,1,0,500,0.2,0.2,MAR,52,1.4588124752044678,0.2594550210121509,0.13292965822781125,"[10, 20, 30, 40]","[10.0793236099554, 19.806542040931152, 30.148784659709204, 39.961766298371835]","[[10, 5, 2, 3], [5, 20, 4, 6], [2, 4, 15, 1], [3, 6, 1, 12]]","[[10.582933579888927, 5.0916712443677055, 1.9741983864703234, 3.0816195083236075], [5.0916712443677055, 20.95739371078302, 4.129842370949344, 5.453484858056957], [1.9741983864703234, 4.129842370949344, 14.743772978280495, 1.5627571595101657], [3.0816195083236075, 5.453484858056957, 1.5627571595101657, 10.61956542447276]]",missing_MAR_mean1_cov0_n500_miss20.csv
42,1,0,500,0.2,0.2,MNAR,16,0.5853664875030518,2.8928971746075165,0.7650035451860239,"[10, 20, 30, 40]","[12.000669599720995, 19.85393974670741, 30.148784659709204, 42.07911152732308]","[[10, 5, 2, 3], [5, 20, 4, 6], [2, 4, 15, 1], [3, 6, 1, 12]]","[[5.038377022578465, 2.6101546316108966, 0.8916871382928884, 0.6631454043347952], [2.6101546316108966, 21.610325402112714, 4.387191002570434, 1.7025928694231327], [0.8916871382928884, 4.387191002570434, 14.743772978280495, 0.5680044156733527], [0.6631454043347952, 1.7025928694231327, 0.5680044156733527, 4.245467116153718]]",missing_MNAR_mean1_cov0_n500_miss20.csv
43,1,0,500,0.3,0.3,MCAR,52,2.604360342025757,0.44446510757035584,0.1281858238785253,"[10, 20, 30, 40]","[10.0793236099554, 19.71325115028732, 30.148784659709204, 39.70522004991037]","[[10, 5, 2, 3], [5, 20, 4, 6], [2, 4, 15, 1], [3, 6, 1, 12]]","[[10.582933579888927, 4.392831306048135, 1.9741983864703234, 3.3008396645957423], [4.392831306048135, 20.004032884869314, 2.9151629851418726, 6.109404788777009], [1.9741983864703234, 2.9151629851418726, 14.743772978280495, 1.1281503164918019], [3.3008396645957423, 6.109404788777009, 1.1281503164918019, 11.313824903008264]]",missing_MCAR_mean1_cov0_n500_miss30.csv
44,1,0,500,0.3,0.3,MAR,169,7.912856817245483,1.1050885270148576,0.2180710518360738,"[10, 20, 30, 40]","[10.0793236099554, 19.62676213206488, 31.036465237552196, 39.963098472543464]","[[10, 5, 2, 3], [5, 20, 4, 6], [2, 4, 15, 1], [3, 6, 1, 12]]","[[10.582933579888927, 5.578797940367935, 1.6604637708535603, 3.108086142408675], [5.578797940367935, 21.410592009140128, 4.302406720810375, 5.500823319063381], [1.6604637708535603, 4.302406720810375, 14.806987366718877, -1.0057481547408396], [3.108086142408675, 5.500823319063381, -1.0057481547408396, 11.605049581181097]]",missing_MAR_mean1_cov0_n500_miss30.csv
45,1,0,500,0.3,0.3,MNAR,28,1.330777883529663,4.3591438661246595,0.8796082112102166,"[10, 20, 30, 40]","[13.06757116913406, 19.85393974670741, 30.148784659709204, 43.090092538309015]","[[10, 5, 2, 3], [5, 20, 4, 6], [2, 4, 15, 1], [3, 6, 1, 12]]","[[3.866118736147111, 2.27666132945091, 0.7382089301703808, 0.27285268900693205], [2.27666132945091, 21.610325402112714, 4.387191002570434, 1.2674571708422049], [0.7382089301703808, 4.387191002570434, 14.743772978280495, -0.3566528342046931], [0.27285268900693205, 1.2674571708422049, -0.3566528342046931, 3.2753338623261627]]",missing_MNAR_mean1_cov0_n500_miss30.csv
46,1,0,1000,0.1,0.1,MCAR,10,0.516369104385376,0.2647169013894945,0.12455597551612352,"[10, 20, 30, 40]","[10.038325147698606, 20.037489374922124, 29.786251761299862, 40.146671258792146]","[[10, 5, 2, 3], [5, 20, 4, 6], [2, 4, 15, 1], [3, 6, 1, 12]]","[[10.159586098009237, 4.851677445737156, 2.3058437593221544, 2.9868343109291478], [4.851677445737156, 18.344817138789214, 3.38057181751892, 6.035694902695072], [2.3058437593221544, 3.38057181751892, 15.257321095584462, 1.0021861110133226], [2.9868343109291478, 6.035694902695072, 1.0021861110133226, 12.372764985558037]]",missing_MCAR_mean1_cov0_n1000_miss10.csv
47,1,0,1000,0.1,0.1,MAR,22,1.1347906589508057,0.2622772110596532,0.16936280353934366,"[10, 20, 30, 40]","[10.018679481570084, 20.036648830231087, 29.78649398721225, 40.146671258792146]","[[10, 5, 2, 3], [5, 20, 4, 6], [2, 4, 15, 1], [3, 6, 1, 12]]","[[10.08744534816384, 4.528407404441134, 2.028781637736829, 2.593459036976919], [4.528407404441134, 17.650311476956297, 3.8886013129324053, 5.541967942214533], [2.028781637736829, 3.8886013129324053, 15.673643364612877, 1.0099324167462904], [2.593459036976919, 5.541967942214533, 1.0099324167462904, 12.372764985558037]]",missing_MAR_mean1_cov0_n1000_miss10.csv
48,1,0,1000,0.1,0.1,MNAR,10,0.5117523670196533,1.5465208719253696,0.530126083109827,"[10, 20, 30, 40]","[11.042271175056772, 19.956926412174987, 31.132267553550303, 40.146671258792146]","[[10, 5, 2, 3], [5, 20, 4, 6], [2, 4, 15, 1], [3, 6, 1, 12]]","[[6.236654030260805, 2.894006064326139, 0.7411709749438832, 1.6963409070191038], [2.894006064326139, 18.033762424715434, 2.5664626888408923, 6.016604657446402], [0.7411709749438832, 2.5664626888408923, 9.152280866644691, 0.8743094747177723], [1.6963409070191038, 6.016604657446402, 0.8743094747177723, 12.372764985558037]]",missing_MNAR_mean1_cov0_n1000_miss10.csv
49,1,0,1000,0.2,0.2,MCAR,21,1.6066157817840576,0.33776531243841573,0.1699071903532536,"[10, 20, 30, 40]","[10.205122839804924, 19.929908979000242, 29.78649398721225, 40.146671258792146]","[[10, 5, 2, 3], [5, 20, 4, 6], [2, 4, 15, 1], [3, 6, 1, 12]]","[[10.333259005824598, 4.51801152051829, 1.8654191818242885, 2.7996758213511663], [4.51801152051829, 17.621467847592108, 3.749182232357774, 5.598769127991866], [1.8654191818242885, 3.749182232357774, 15.673643364612877, 1.0099324167462904], [2.7996758213511663, 5.598769127991866, 1.0099324167462904, 12.372764985558037]]",missing_MCAR_mean1_cov0_n1000_miss20.csv
50,1,0,1000,0.2,0.2,MAR,55,4.213210821151733,0.3625685957418171,0.177465855587425,"[10, 20, 30, 40]","[9.944649143020925, 20.2475782575221, 29.78649398721225, 40.146671258792146]","[[10, 5, 2, 3], [5, 20, 4, 6], [2, 4, 15, 1], [3, 6, 1, 12]]","[[9.983400642366508, 4.3807748500784305, 2.3490288841612537, 2.9740353462433915], [4.3807748500784305, 18.004000217868672, 4.092243139051221, 4.891764387436838], [2.3490288841612537, 4.092243139051221, 15.673643364612877, 1.0099324167462904], [2.9740353462433915, 4.891764387436838, 1.0099324167462904, 12.372764985558037]]",missing_MAR_mean1_cov0_n1000_miss20.csv
51,1,0,1000,0.2,0.2,MNAR,19,1.3962137699127197,3.201658817826431,0.8118961529759529,"[10, 20, 30, 40]","[10.038325147698606, 19.956926412174987, 32.281553616296954, 42.24539709869185]","[[10, 5, 2, 3], [5, 20, 4, 6], [2, 4, 15, 1], [3, 6, 1, 12]]","[[10.159586098009237, 4.659957032185419, 1.0183108716229357, 1.2933967957776646], [4.659957032185419, 18.033762424715434, 1.7380075755766786, 2.2570375693428995], [1.0183108716229357, 1.7380075755766786, 6.491818440164303, 0.13223912624901035], [1.2933967957776646, 2.2570375693428995, 0.13223912624901035, 5.312269873747289]]",missing_MNAR_mean1_cov0_n1000_miss20.csv
52,1,0,1000,0.3,0.3,MCAR,39,3.6830952167510986,0.3324173310870865,0.1664351050741752,"[10, 20, 30, 40]","[10.144834079583635, 20.14975678864755, 29.78649398721225, 40.146671258792146]","[[10, 5, 2, 3], [5, 20, 4, 6], [2, 4, 15, 1], [3, 6, 1, 12]]","[[10.17866374030156, 5.199509209007791, 0.9327705486446956, 2.3524141606962763], [5.199509209007791, 18.500824406582957, 3.3015227440038, 6.153181681450456], [0.9327705486446956, 3.3015227440038, 15.673643364612877, 1.0099324167462904], [2.3524141606962763, 6.153181681450456, 1.0099324167462904, 12.372764985558037]]",missing_MCAR_mean1_cov0_n1000_miss30.csv
53,1,0,1000,0.3,0.3,MAR,154,11.185500144958496,0.286817176060789,0.1831875452006111,"[10, 20, 30, 40]","[10.16180621905538, 19.956926412174987, 29.78649398721225, 40.09296606097843]","[[10, 5, 2, 3], [5, 20, 4, 6], [2, 4, 15, 1], [3, 6, 1, 12]]","[[9.735459024519741, 4.325382573966802, 2.217838730401116, 2.1082902023091377], [4.325382573966802, 18.033762424715434, 3.789753687374348, 6.290882775327658], [2.217838730401116, 3.789753687374348, 15.673643364612877, 1.8075452759721675], [2.1082902023091377, 6.290882775327658, 1.8075452759721675, 11.791220487921453]]",missing_MAR_mean1_cov0_n1000_miss30.csv
54,1,0,1000,0.3,0.3,MNAR,32,2.851956605911255,5.189093543527364,1.21368942324813,"[10, 20, 30, 40]","[10.038325147698606, 23.84655686867634, 29.78649398721225, 43.476152819579944]","[[10, 5, 2, 3], [5, 20, 4, 6], [2, 4, 15, 1], [3, 6, 1, 12]]","[[10.159586098009237, 1.5505812730875896, 1.8389202074841868, 0.8216168704863585], [1.5505812730875896, 5.618124179339407, 1.5669980424398937, 0.6991028551524769], [1.8389202074841868, 1.5669980424398937, 15.673643364612877, 0.08125647538542745], [0.8216168704863585, 0.6991028551524769, 0.08125647538542745, 3.832052594882681]]",missing_MNAR_mean1_cov0_n1000_miss30.csv
55,1,1,500,0.1,0.1,MCAR,7,0.19625639915466309,0.11211824440401458,0.06842430397808683,"[10, 20, 30, 40]","[9.893088168066866, 19.99009040668212, 29.96811399666739, 39.99495582784922]","[[5, 1, 0, 0], [1, 5, 1, 0], [0, 1, 5, 1], [0, 0, 1, 5]]","[[5.018711059930185, 0.8198122425059122, 0.09824386076839794, 0.020285977732279876], [0.8198122425059122, 5.27175778819854, 1.251439224732423, 0.13936835762459346], [0.09824386076839794, 1.251439224732423, 4.488913530326352, 1.2868895993276763], [0.020285977732279876, 0.13936835762459346, 1.2868895993276763, 4.3305321985739855]]",missing_MCAR_mean1_cov1_n500_miss10.csv
56,1,1,500,0.1,0.1,MAR,19,0.37413668632507324,0.14937004626948355,0.07659874005439427,"[10, 20, 30, 40]","[9.934281647627003, 20.129563358328834, 29.96811399666739, 40.01375237630205]","[[5, 1, 0, 0], [1, 5, 1, 0], [0, 1, 5, 1], [0, 0, 1, 5]]","[[5.127766254543021, 0.7386372612156406, 0.09710926836522545, 0.1569675199811486], [0.7386372612156406, 5.196958313017873, 1.1006856617074134, -0.42388629664873245], [0.09710926836522545, 1.1006856617074134, 4.488913530326352, 1.236407899994355], [0.1569675199811486, -0.42388629664873245, 1.236407899994355, 4.30032221229682]]",missing_MAR_mean1_cov1_n500_miss10.csv
57,1,1,500,0.1,0.1,MNAR,9,0.24000048637390137,0.9710491336692101,0.21568767775961864,"[10, 20, 30, 40]","[10.709062143848005, 19.99009040668212, 30.663234474577216, 40.01375237630205]","[[5, 1, 0, 0], [1, 5, 1, 0], [0, 1, 5, 1], [0, 0, 1, 5]]","[[2.988360728531762, 0.3354555128308138, 0.058260003578382305, 0.15711554705872155], [0.3354555128308138, 5.27175778819854, 0.7337115494881294, 0.03202154317444101], [0.058260003578382305, 0.7337115494881294, 2.523996215610824, 0.7932823227996446], [0.15711554705872155, 0.03202154317444101, 0.7932823227996446, 4.30032221229682]]",missing_MNAR_mean1_cov1_n500_miss10.csv
58,1,1,500,0.2,0.2,MCAR,14,0.5321972370147705,0.07565047857549959,0.10589830541393407,"[10, 20, 30, 40]","[9.944218317590275, 19.950850177343057, 30.002562400257673, 40.01375237630205]","[[5, 1, 0, 0], [1, 5, 1, 0], [0, 1, 5, 1], [0, 0, 1, 5]]","[[5.072437204740408, 0.6438911668258299, -0.14898812034666412, 0.128948064124643], [0.6438911668258299, 5.41445968222089, 1.6717967853069262, 0.31028335975088683], [-0.14898812034666412, 1.6717967853069262, 4.151813233284284, 1.1709608251524664], [0.128948064124643, 0.31028335975088683, 1.1709608251524664, 4.30032221229682]]",missing_MCAR_mean1_cov1_n500_miss20.csv
59,1,1,500,0.2,0.2,MAR,56,1.5653016567230225,0.15285796407793623,0.0871766081928172,"[10, 20, 30, 40]","[9.919195503663804, 19.99009040668212, 29.87135761716982, 40.01375237630205]","[[5, 1, 0, 0], [1, 5, 1, 0], [0, 1, 5, 1], [0, 0, 1, 5]]","[[4.955768750374677, 0.9094905181581756, 0.09839757711443493, 0.23692077239804363], [0.9094905181581756, 5.27175778819854, 1.4477541280572188, 0.03202154317444101], [0.09839757711443493, 1.4477541280572188, 4.946566295192824, 1.6427661601217765], [0.23692077239804363, 0.03202154317444101, 1.6427661601217765, 4.30032221229682]]",missing_MAR_mean1_cov1_n500_miss20.csv
60,1,1,500,0.2,0.2,MNAR,15,0.6089310646057129,1.9354862539739572,0.296933263842929,"[10, 20, 30, 40]","[9.944218317590275, 21.433153810957908, 29.96811399666739, 41.2992493525717]","[[5, 1, 0, 0], [1, 5, 1, 0], [0, 1, 5, 1], [0, 0, 1, 5]]","[[5.072437204740408, 0.1058398815895788, 0.14879061839610608, 0.10054191768196662], [0.1058398815895788, 2.039993011215223, 0.41014605409215155, 0.03071557769641179], [0.14879061839610608, 0.41014605409215155, 4.488913530326352, 0.6253359397697978], [0.10054191768196662, 0.03071557769641179, 0.6253359397697978, 1.698298738297909]]",missing_MNAR_mean1_cov1_n500_miss20.csv
61,1,1,500,0.3,0.3,MCAR,38,1.8274405002593994,0.05575411464209009,0.09582468534394578,"[10, 20, 30, 40]","[9.962746661129223, 19.99009040668212, 29.96213996633885, 40.01375237630205]","[[5, 1, 0, 0], [1, 5, 1, 0], [0, 1, 5, 1], [0, 0, 1, 5]]","[[4.794167778521353, 0.9542505938652107, 0.08819378012410897, -0.3308160846290915], [0.9542505938652107, 5.27175778819854, 1.1130039530198137, 0.03202154317444101], [0.08819378012410897, 1.1130039530198137, 3.8087830266476854, 0.8272150061305102], [-0.3308160846290915, 0.03202154317444101, 0.8272150061305102, 4.30032221229682]]",missing_MCAR_mean1_cov1_n500_miss30.csv
62,1,1,500,0.3,0.3,MAR,184,9.8726327419281,0.4308099619944281,0.14785167317298936,"[10, 20, 30, 40]","[9.574722578211565, 19.99009040668212, 29.933299100628677, 40.01375237630205]","[[5, 1, 0, 0], [1, 5, 1, 0], [0, 1, 5, 1], [0, 0, 1, 5]]","[[5.526265025899072, 0.8350204023648032, -0.9480624433656364, 0.8602502732240223], [0.8350204023648032, 5.27175778819854, 1.0571637013562487, 0.03202154317444101], [-0.9480624433656364, 1.0571637013562487, 3.8712940341456967, 1.2656389958622172], [0.8602502732240223, 0.03202154317444101, 1.2656389958622172, 4.30032221229682]]",missing_MAR_mean1_cov1_n500_miss30.csv
63,1,1,500,0.3,0.3,MNAR,24,1.1804723739624023,2.8198868500017866,0.34962533161843334,"[10, 20, 30, 40]","[9.944218317590275, 19.99009040668212, 31.970748927132707, 42.016110293829705]","[[5, 1, 0, 0], [1, 5, 1, 0], [0, 1, 5, 1], [0, 0, 1, 5]]","[[5.072437204740408, 0.7787951137443265, -0.23187808951967978, 0.1950887960869241], [0.7787951137443265, 5.27175778819854, 0.3940434343095232, 0.08089935637812454], [-0.23187808951967978, 0.3940434343095232, 1.2381810276864067, 0.13463481440014147], [0.1950887960869241, 0.08089935637812454, 0.13463481440014147, 1.1874120834668986]]",missing_MNAR_mean1_cov1_n500_miss30.csv
64,1,1,1000,0.1,0.1,MCAR,7,0.40230226516723633,0.1357642011233309,0.06217665373288021,"[10, 20, 30, 40]","[10.067346732061637, 20.032428082395324, 30.00798153507313, 40.11305330847575]","[[5, 1, 0, 0], [1, 5, 1, 0], [0, 1, 5, 1], [0, 0, 1, 5]]","[[5.061073193966685, 1.1549606584548706, 0.5325607864005726, 0.24113839125821965], [1.1549606584548706, 4.877393619416682, 1.142446166586404, 0.2036009613018382], [0.5325607864005726, 1.142446166586404, 5.261881092617682, 1.0639102307596706], [0.24113839125821965, 0.2036009613018382, 1.0639102307596706, 4.8022245752029855]]",missing_MCAR_mean1_cov1_n1000_miss10.csv
