var_1,var_2,var_3,var_4
54.96168696935579,98.52506469108486,26.01597081241926,76.55586984292333
52.1790737168381,99.91767249342382,24.12332473410003,72.77680740363348
,100.10873901940695,,70.74180958643156
51.837801786465235,105.49661516597956,29.527854846362985,75.38525624215733
51.90539501317948,106.74272767363432,23.39297344168374,77.11618507724836
48.63043416189525,93.1665228068815,27.574004754824458,76.5046409548469
,91.22224690191118,,71.00885013442685
47.847859922570485,109.42805196945056,23.588212997543913,77.10275833521993
50.513976705420944,95.97010876502672,27.06153735949242,75.17655882677532
51.177736631927054,99.78675424051292,23.840691880175704,75.85026935712992
48.425306051693994,99.58340505653305,22.421917101101545,74.66658926097723
45.505140479755426,101.33120867918232,23.444448230953085,72.88824317086525
52.99751453516277,105.76914729567984,25.675036369662624,75.95009903735581
,97.86026209672063,,71.56573615022918
53.43241041342794,99.2927956996684,25.465695516923265,75.71366831920218
54.743462039566914,104.12929373812082,21.06667575088385,76.53774471294143
47.15036074801119,96.68064012863518,28.12348947057753,73.93021039296073
55.44213774126058,106.78467055531503,29.66566513722981,78.42845190220768
50.699848160581695,114.9112759794356,32.96140920675255,86.35367259128397
48.332017670462704,101.06352487018042,23.43206227908823,72.42068302024819
,94.06281687632048,,68.51792873617578
,97.38104739958086,,69.37092660722543
47.147160311532716,96.98420028030655,22.705710015565533,72.68808763309463
49.86036062768104,98.11800028402737,26.442633088805636,72.75518500531334
49.19675971257271,96.36567627768352,18.43802217716697,78.38187329638801
49.09658875402146,104.46136402724485,19.759967348438387,75.9132673128565
,107.16928605601747,,71.77342409594257
52.644850418713915,90.97842998492203,24.59881347473283,75.18566801520838
49.28317904683152,103.7861186732427,25.842376111102,77.35438404012702
58.54057053818109,101.90644211026857,22.20780010725125,76.19349342257695
51.87387560946792,106.97114870117987,31.1197129457382,83.00187720136007
49.152130245930884,97.54140693880846,18.08477892401943,74.4514717598111
47.948642484792764,100.75072727703896,21.8217671539853,77.16568246057946
46.74287701883181,96.35562743261026,23.40497711217465,73.84114470390915
,100.45143949353023,,71.0758257065626
52.26600107902656,101.80595656763236,25.429173145026542,75.55636199441932
53.08629216661989,96.81769601039271,29.59843678979355,78.05435468433593
48.66946954046382,93.81756066858868,29.77694653718609,74.98646352146262
51.04326301749448,106.44863874988576,33.26176606295022,76.22967550231986
53.373691818714114,101.6405519614928,24.50333022093061,76.19426494652963
47.71193137603216,92.54459164160197,22.82056845610995,74.88285551515908
51.711549025629104,96.55018808078971,22.924627108393537,73.12380065053651
,91.3936302834079,,70.66951424664671
54.69660047357548,104.62253785649774,27.01013610606378,80.23606217674579
52.64246548012532,105.515447917985,22.359796010561716,76.00902666143125
,99.06863744907523,,69.99214341440694
,98.57546391082185,,70.9456156506819
49.317384007215146,102.53866599934481,29.333722716509936,74.08133702653943
47.57785032747764,98.20506445487533,28.443185649744134,74.45531992035963
50.3231944135314,94.33644942045714,17.056016259747526,77.23569845526231
51.0513174158997,99.11444715637057,28.244982272027766,74.28198500744308
55.6707678105322,106.18698999236727,25.779623165599446,77.03854639679807
,93.92114331398392,,68.32103098238565
50.62737643165191,112.48410007252494,26.972018607809712,77.21147537748493
52.96858293228991,109.64970011025034,29.765388705287947,77.77756103588725
49.20913955599509,105.53832652570212,25.064510957682845,75.61552311564999
48.00370741803914,104.9862436720624,29.363241442724117,73.50561496959925
54.45704903730483,105.61172363506957,23.529105606728077,74.66503829015589
51.58357386698679,110.19706843889882,25.933135260513883,74.67767407813754
51.73126082260792,98.56740053818037,19.894568719201416,75.1198934232767
48.373155042266575,98.46000455974915,27.59910648197675,72.88261958192774
,91.21200362938347,,70.62585060821115
44.36722250847224,100.25137815945922,22.584077780498998,76.29334954973163
48.683859253180295,97.75297204692782,21.412049269689554,72.71869892885631
,97.13247507979648,,71.90903500144033
,100.11581287909446,,71.38590380721665
53.006172570366445,107.21884330559456,25.1070709580192,72.92138288199473
52.52143282383561,99.54083879424648,21.35838160090415,76.80404229476292
48.451645823607876,99.39700992472486,28.367977802948783,79.77619071500898
51.895491609278835,105.66338123888168,28.061723982348592,77.0323047798635
51.22577964244361,101.03849239260119,25.36476597159478,77.90054217792496
53.543453980574164,101.24959083656984,24.752254626387685,74.49524756531503
50.03265312973747,93.86277006617527,19.37265057867879,73.2617819637151
52.146580473937306,107.17101771254286,31.436024594956358,80.22971130400654
45.52584701881807,103.75138138888136,25.77111084900027,73.70370353792241
53.767477460462686,104.6880297971701,25.638297841103366,80.75485223093457
42.815735031713174,94.10697699538953,23.207381733634424,77.60004935212702
,102.88965706877852,,71.19272898159367
51.62722706168471,99.69973422626593,22.25882838842906,76.6795841803653
50.42228756315471,95.70909728970324,24.239864294935384,76.46344826784473
48.82530730801261,102.21934902290442,34.50476326222115,73.4800474610604
50.40388045854422,100.0714395123729,24.584648872164138,76.18718044351091
54.8025398713762,104.0259352520795,22.231208940551905,77.54671148260351
48.45219730665864,95.78638426267918,25.272425748939135,75.18661033750932
48.6791990474056,102.88360356388591,14.330437816254385,81.30954227510901
48.685314480563896,100.44162809092292,24.98333288351687,78.42474026416323
55.32509387719765,104.072106698689,25.251144687587658,73.14084395314154
50.10007269447768,95.37060632499123,23.87479921309137,72.92318616236933
,96.70985505704718,,71.61974017344552
52.22696298342653,103.35633534707699,30.724911124567953,75.37166459473393
,93.9543286744271,,69.53450342582329
53.53363736017723,98.40386274039595,30.375656423046458,78.41785635823435
,98.15178126232942,,65.86916697870336
47.43000261205845,105.75818168118234,24.954208771086048,72.73900846086715
,101.80225970963644,,70.82945242309734
53.61801773141647,95.21890463412635,27.90046909282264,77.75324537093881
50.676665717105784,96.04346583936817,20.306466891664552,72.41143807325511
42.865611682200424,106.11086055279725,25.269583200626595,75.98752864983395
48.32496177750648,97.47749248822795,24.82331406677312,74.48790984412943
53.00923982555023,105.97946398596875,25.372885917644567,82.63758495271401
52.14827421617972,94.60125303622694,14.660414117587202,80.87047963639685
51.33138249096676,103.5479695290224,26.49504150067611,78.0947179738065
51.6976085059354,99.4982607038099,17.360173364332272,75.65742255773546
54.121215791171124,106.84319408827105,27.367484015959615,75.41791426233796
50.96253368071991,97.34742246266885,30.622226129497868,73.87807044280854
49.88201775457857,93.9413743390527,21.997366409672562,72.2659811468596
55.982797682112356,102.70199577222031,27.061929509692423,74.95166829556429
,97.29661229728096,,71.95864635523384
46.58449543192101,101.75669821787851,23.298435749575464,77.56297212439304
49.40708295902981,103.35215606418056,23.062117774514174,82.16840980204623
,99.59538875946185,,69.46872360174103
48.070992010290745,97.05984318998841,21.213700554758372,73.5908356076793
,102.9161474390099,,70.11402086046841
54.28766411983595,105.6327907767753,27.095945441643476,79.53005771312142
42.43443412832954,94.5494398097933,28.944283931890524,72.97383955341958
,93.13467109743644,,70.20463791343383
46.842439634773804,93.6777155780899,24.046143210443415,72.13023794123366
52.166188045923704,97.02033496602424,27.693631707707084,75.23084195781581
45.085495220536494,101.44378886623656,22.401337728674307,74.18793898873425
47.691574832486175,108.17867240189655,28.773581696762314,78.49225898823683
48.445032190531506,102.39623868047839,23.496743328721355,73.47077366382571
51.215179569195165,106.73198318372947,28.841481840190365,78.67467463446226
48.25513891556255,86.82932228119013,19.386336357806346,72.36798167956105
48.951728195618855,97.2991238938772,29.42263744359767,75.35748080591566
52.258785768894064,106.01099785184383,24.2644737156057,78.63725508537827
,98.11008114495344,,71.91066364081419
54.873310097252585,99.67454946822389,25.65734588771478,75.77533858094296
43.603508333681454,98.56130157079541,24.442233953203452,75.74752985916166
56.06389580425808,98.98785337679111,18.885449868968244,80.1631930603721
49.932976927421045,101.36084793782189,25.651915564763577,73.44452965147427
52.3094179732531,107.58009523427796,27.57793911747006,77.26711731603382
,101.63975611394142,,71.01603788442092
51.65652278260182,100.83234602713834,22.997947295369727,75.05654813606618
46.27904943030128,96.28098070917463,21.11488336555367,76.76591116195749
45.954757153211105,101.56337357223538,27.540502033569524,73.24627726049438
,96.06800505388563,,69.43664574774853
53.4896633584123,107.94482649031717,29.902071596232226,75.06258377512631
51.39209082118524,96.01603636714678,25.199578307558514,78.20965298772312
49.56451437260566,99.28138066310841,26.170997902338748,72.62926144172074
56.29012449658688,95.75325819241665,25.920545802540836,79.38322582350085
50.129110451243655,104.78668703973565,26.49135805535384,76.76585279371133
,92.97927098625685,,68.53401589098424
50.68492167765564,95.37231937585659,29.767435824471242,79.03111419575274
48.77874058462961,92.52252253318716,26.672497401769807,73.04563038328197
47.400512747626,97.48542838179482,24.615519501622085,73.54706740977576
,98.48017453279046,,67.1586884700784
,99.37260877504465,,68.4370520093143
52.66585423412463,100.63999680183117,27.023086429047144,76.88550519972632
52.08558349468766,94.87565885319101,26.52125691779842,72.64082347471458
50.50852840980438,102.85302844173776,26.339861411299196,74.8702786273206
45.25492487271676,93.46209143350386,19.7260256711954,76.09630893797492
52.25202210705615,107.61970521707198,20.333257168609308,79.10295781036479
48.32437765083233,97.46165061982185,25.028920332399142,76.02327604193032
54.077490364391345,104.99358677490515,25.61839251438855,74.9367281261175
,96.24982813652898,,70.91184687736876
49.92809816230347,106.11347920186678,23.845702909590585,78.7885064904083
48.30683418372095,94.20814953987644,18.037324897218326,73.02599692535559
51.437491768592764,105.68691628280358,27.484506834517305,77.48808291768253
,99.688252389737,,71.20506876415844
49.16163302556693,97.1706671996718,32.645715681374966,74.41047854414926
50.270164440714765,99.48842625131347,29.618534505474006,72.34704061823038
49.42821119804439,105.16539930748297,25.44573634969413,78.84764949852445
,97.97308314849185,,70.81635879786705
51.18108741175203,99.20222591746429,23.37184556083927,74.02135897767032
51.010714733321976,101.90609356356595,23.4349601240806,75.90874177760399
52.20826101672568,98.84758662124331,25.296679164838604,73.57899594013782
52.36431027928049,93.4431319460338,24.92331253648995,75.9885282270019
47.963754649452696,96.39961239427048,24.774556400932312,75.26995364217332
,96.24470863048171,,67.48263915334476
53.38103775103542,102.93742730722403,27.732266394855163,76.95286531518087
52.195429386647824,101.30994420743232,22.242994689768285,79.44425054658853
53.70231432349254,97.53213260635654,22.264658467237545,72.47077125414994
47.20421836330061,100.15089719296054,25.259941923526156,76.41949409467318
48.19898929684601,91.6834350860866,18.298188648214445,73.18111018094486
51.825671191874726,102.79008543899626,22.199050797685338,81.09833041002187
40.765014351327295,92.69444317368853,23.808441005268083,76.41154347033256
,94.81185805439827,,70.89245259297164
43.929934199299716,96.85453889470853,22.132092199159274,81.48113802673164
46.406763014294285,94.68200445612206,26.017870545926353,75.02226525710145
50.55170440006298,103.69026517390681,27.107932844156245,76.00602463639918
,103.00131221704395,,71.4984657411668
,101.21537468937386,,72.03358602643006
52.49405210236582,105.2635134855461,17.948628155654887,80.1340841804325
49.84892542191746,97.66075399717184,24.794463264875564,80.72872845208768
51.38531933331381,102.38657492610061,25.595804214684733,80.49689670740952
51.66244771830278,98.87162529936195,25.687847606994318,79.58552864014725
47.87995176717082,93.25282685231942,27.59105994225109,75.22589848506385
49.22211057897675,102.28935203852473,28.828243785670992,75.8905409489454
51.96473688641951,105.25236534828643,20.470140247217493,79.49160282258622
49.873188681841896,94.59555330076695,21.443741918144394,76.22010005192055
49.42432365836174,101.38949763347563,22.336587258143766,76.57192647409587
54.45376247973827,94.85430347518648,25.524085762976934,72.66574534529714
48.27472744790022,104.21361653274154,19.32429001330543,80.96228504461021
,93.38759549073126,,71.93021386541383
51.26077967145043,100.47347743048118,23.536746525484006,72.74817482615659
49.1730382792708,93.2836461259118,29.476942305871365,73.07498836381497
53.35151456053872,99.26866500800699,24.884944453485325,77.66611640590978
52.82773983953504,100.72069108403502,26.524452558017995,75.21607755976086
51.657887984249676,94.76585697260322,24.826993776834197,74.70071251510855
46.10242586907205,102.58370240693763,20.46597832738525,76.26739736684799
51.55694565593352,103.28307970033431,21.164558181607752,84.75255865265017
52.013212412505936,102.80137347312376,32.924997860449146,73.8800185878335
44.78411439855245,100.3058849037996,21.903601313940733,74.0485746763678
49.70289355560495,93.94537745562451,25.696333903123097,79.49014555072202
,85.92187236308999,,70.12023358031408
,99.02161144534496,,69.79891865141438
47.53673054951779,95.74217483461635,26.111283481666828,76.9256578659843
48.69199316261833,101.66823172525079,34.226565374831154,74.69715357268392
54.69309266910139,102.39777168009695,31.099118156857475,78.57868794255077
51.262442631583944,95.64439339107138,26.05465669117894,76.43310421237814
,103.82426063920983,,69.12615179211444
,99.79523732339743,,71.62872836183953
50.51154818647265,103.87077766585018,23.145210137286217,73.8587091455097
52.679470448205166,106.1931096695761,31.67282940613842,81.45174563398423
,95.70525413192561,,70.43237279037785
52.51474636996884,104.85879992148232,27.0352096420996,76.45905613169215
50.00947894686978,105.68627210216673,24.119348472587312,75.94205251068016
51.48022000573079,102.87951415265326,28.47886181530193,75.65286083779826
46.86991044294407,101.04610478731861,22.667887836875327,75.18474872280983
47.199133123083676,102.15131230335642,26.555747938341376,74.58018087830297
50.67459408085906,109.24506218243506,31.603852108326848,77.50547347404323
50.589940404801624,103.05087291417617,22.541780010546844,72.71698673653133
47.30558337834257,95.92233064884121,18.838315419261903,73.73421837040827
47.18961845998263,94.13946846667409,20.347555059981598,75.34157804347045
46.70221789628349,99.17324440153998,23.257424526597585,74.9327425881698
,94.20942219730426,,68.28842422206378
53.443398815754335,106.17569319297642,26.58929807089212,77.99009863622582
54.21114893204046,101.83711888647872,30.077661251565836,73.71714804465776
50.817119870628964,100.67667616455627,30.8598967523481,73.11078610213669
,101.79348765990395,,68.43479795535316
44.78058900602385,105.33988874050421,25.189693952917768,74.6295491310036
52.039628668199995,100.02767406015164,23.508597682070512,76.84995307861233
51.63170333301246,97.59278455010977,20.728836481618313,76.13081161085165
47.37085364929283,96.31096389026781,26.04512269232566,72.09830369205503
54.33894986125908,100.75142568991048,20.20223619592839,74.66695949654783
57.83678758168882,102.29891104697128,21.780072137013732,79.5246005969564
47.2203644373693,94.79402565052446,26.400277973190672,73.87586473379235
49.248601218182536,105.55919456273159,25.82992614953257,72.58659256376819
48.03135695943444,100.72216928988594,25.201791849472702,80.12509010408495
,96.02015304208803,,66.94572621366896
49.11605171630069,97.69642576573784,17.615551032068673,77.21971188578458
46.31954583718369,98.40850722386976,27.953572548570524,73.87588586134018
,96.70437761377895,,70.21427999240497
51.00250831934351,97.11963252402143,26.578850908048484,78.87011831596486
46.85072388182927,106.61646113981452,30.413539332968234,75.43333752126705
45.852540428236594,94.91335337995858,24.97621665062779,74.83445587757744
51.18456828910509,100.28658333599095,23.055856170916154,74.55654526048166
46.7460944166923,83.87994572125817,20.142170199336732,73.07336977612876
54.70899035230991,101.69193524974351,15.317198387420602,73.0140542267182
,99.945439480046,,71.51655228453848
49.30963555027051,100.3162631476869,25.624211566835417,76.2244204254733
55.305857309081794,104.28550436475444,24.95068645728277,75.13322063350667
49.810089845811994,97.01288248098565,27.9012436427421,73.28992784437614
,95.09635225618274,,69.81174751665377
52.71409286652451,97.94916421051613,25.890834394664772,78.6901422419843
,100.76013590588335,,70.65169029346151
49.94256288642008,96.09218821079564,24.260841226411696,74.493775310394
50.05368424099232,95.86478417520142,17.96749754318278,81.34421905463547
50.948701593070865,100.25073047294029,23.29039545903974,75.51929544062953
,101.43187031477845,,70.98776056817992
,97.90954313824034,,71.94055474982632
45.03432965397415,94.08012101256104,24.421683978366076,72.9371285736529
53.964540827895505,102.78183580740777,19.5934706213149,78.13357489196335
58.62152089981639,107.33274244664426,30.52577187465598,79.4095745207928
49.27063837184044,104.92546744748867,28.188850859543066,75.69538032000779
50.366340368204405,101.24817770697273,25.138998530545564,76.5103310348855
51.306634504423975,95.82001397069587,24.78174206466324,76.78225811668301
47.78583752067452,97.10868709933884,23.439548060439954,77.37556226374863
,99.85314735455432,,70.63516075173956
,96.83250154579449,,71.84492294446424
53.64362914417563,94.06236665040576,32.483598704847765,75.97216470837911
50.17688109677475,97.3402356000536,22.628914434035856,75.71226502158532
57.51856736428462,100.5343393536067,24.877746557816053,80.74264194997244
46.85286704972365,100.16457233989958,23.426266268180246,74.32645899581026
,99.15351782889975,,71.92392657154048
,100.52870044799228,,69.51086537648084
54.356792387074975,105.91893396762123,21.087069195112996,80.86060620142372
43.39691296022177,98.35423873314049,23.185342292873194,72.66451043286723
49.01054595029569,97.589728511154,15.686070674555864,74.35699834895877
47.85574017442364,99.55191256056321,26.112767323565112,73.93048500084942
54.703087638962046,105.97446321818033,26.58288430310357,79.5741786269698
52.519133398551766,100.37451831850801,22.65875116046612,77.15485944507816
46.91549804625455,94.98858508646697,20.865938693949968,77.74520399710941
52.087795269869595,104.30879289852138,26.190545992792504,74.83881624219288
47.052561377365386,113.90914160579669,25.057990148231173,76.320308840285
53.46883959743404,95.52820423501113,24.9482021300472,77.799164370555
54.16490188265332,104.12491801967133,31.43694155543826,81.67603688296913
49.14517821485369,98.2175351884415,25.637418166809027,74.04187411218352
43.48986289814642,101.88470607790326,21.473604432505706,73.35670640507185
44.38721211718586,104.08437532797305,25.4373032546889,76.09741423280249
49.18683500072483,105.70073774866673,24.10766492196578,76.1186033802047
50.32832903600245,96.47623692415257,23.464213082542418,76.69431433316299
49.16747985393748,102.31617159331817,23.95219203481854,74.70636742714935
46.8150650421576,100.21599526862565,24.195597755095832,73.26517581756917
47.04790597493526,99.01973051584466,23.24424481060332,75.29667662461463
49.896061877200744,95.5505301869058,18.33180634019105,76.81171078188173
51.548271945388855,107.34467665007455,23.766712190194426,75.20060349886468
51.49268206398394,100.16316737949774,29.743846895839766,73.92783835986327
49.188541221513994,100.22900549707114,24.049389911409527,77.67577810487185
53.65162740470869,96.67560171345706,27.57744116109199,78.32934191096827
44.71816425649266,101.32215132725945,26.63983277281704,76.80639150575075
53.90017208120595,106.97399916813336,26.838105196464515,77.05204738280871
,96.4550446253741,,64.9699760709281
,91.72530062353086,,70.77204347757538
50.11737355601956,106.72777264603059,18.61353355400211,78.00158628462115
,97.68821204387248,,70.83497632961559
47.48813167735851,107.1696841389166,24.470462737204976,81.09902824837084
49.95962921152289,97.91182579988757,23.73710324076322,76.84178278937759
57.23611929190786,102.75424153322707,29.923392790098617,75.8316527406639
,101.80493034030096,,71.40778103045056
51.95240614227458,93.68037544398607,21.039669143850844,76.37256328210441
50.69754592346316,100.05110716938124,26.30670338799437,80.54690803481692
47.6455915522692,106.48688077461692,21.708934992213823,75.50248715036396
47.87611695555442,104.92719135644464,30.441287597957793,72.85389257695037
,99.80362763177871,,71.19526486616316
51.694788153684584,98.66944145710038,27.551392831123675,75.77046916849363
48.40829907263595,99.7467150155278,24.071960908761344,73.05110832369418
52.24801706153785,101.20486295063256,19.6614277647094,82.01458601098052
58.25721521506039,105.99832315085044,30.73627506949203,81.80325879427367
48.73101930591848,95.8627955443613,21.342301588598716,73.68416963419875
48.916724456734876,106.07964778587986,27.695961488583933,73.98764643474934
49.014217865832975,94.99041700465646,24.75545644582752,72.9086300596063
50.184626668502574,103.77752566117482,23.894788101985338,76.16763191586226
57.21090329444137,107.37143191655166,24.61217326983031,72.40453791024257
47.94813840806879,97.54455777446654,18.92268750880587,73.59884361287641
50.50277658485126,100.49619946764149,23.025785155598616,72.45692373574903
51.197879600021615,102.65104296853131,28.621686780369572,76.96937510596922
47.202104730546665,101.90909005486166,22.19266602125006,76.48598679852859
51.67043183515848,103.36615687191959,31.23045105155318,79.55981439843674
50.21733055284239,100.3276325351638,25.809567508671986,75.74813992842135
44.42253342039832,96.35307513178765,19.162359032325057,74.30670499974138
46.979622817004525,100.21216271289633,22.60551131529729,73.72644266241758
51.813769070171226,101.4392255421248,15.60614694324912,73.87270794658075
,101.32324748802229,,69.514047320378
47.725177135977354,97.01376573855818,19.218436515388504,73.68994562409357
51.282258405197034,101.34307394636834,24.926156940367612,79.48893032211782
48.81743289037124,93.69120783571398,24.461600224019502,72.2460732583031
,100.45368653900489,,68.5701187055183
52.419866648172196,104.05160179791446,21.45537704481663,82.9125732774099
54.27007489236603,102.71635991507848,22.08031020683995,79.47805825904194
51.93032220734666,98.85266404389078,35.04544578781753,75.8001370926325
,99.82712420890697,,69.67867795116474
45.73012598635431,102.13177748122492,25.31623869174362,76.84803975616038
,94.65132007889267,,66.68556098305265
47.987720779427356,99.54683547513604,26.109125839129078,76.12279876497693
,95.13610269160986,,70.48877584992007
55.34843339946936,99.27011571066056,26.3731471203048,72.9157169006416
49.1826277982652,108.60231248247783,28.378238971985432,78.73741310219356
46.77070723892683,97.15506183504873,33.4080243436682,73.20009437101592
,101.9473845910978,,71.89359541284956
47.3551516021338,99.43658656153123,18.06094439180935,72.114868941849
48.61828308293072,97.43283284063219,23.036775340033813,73.5312516276276
,90.98000353075324,,67.09498833570329
43.73861085848283,95.80835445682114,22.226881189048346,77.33911290808844
53.83341370474044,106.24394490220003,24.130233283636308,79.01148590031566
51.10725410004803,95.33315383427203,22.247200777795268,82.104032710992
44.53912363776914,95.69494210696537,15.15621957819092,77.09020772810241
,100.52270911994206,,72.07093707075263
,97.37628949922636,,70.12805664663128
49.69015581348427,92.54679362207918,21.93031787558919,80.9699552960637
48.87143864975605,101.0732921642412,26.053586844175854,72.83318111310253
55.78731826421302,97.70715246150189,23.891649895236185,79.09740641070539
52.617678710759854,102.11357460653639,27.26380975848035,82.30113866115602
48.773775404839924,98.86201402925315,21.882908463587697,72.47348057418199
50.067905244429284,109.04217008383773,29.083908896491987,74.32620778458563
51.13116520268268,93.57426298629305,12.427053460876213,79.84047784442473
46.852630579213866,104.46838915742418,22.79476415003921,73.15519744613054
58.39516121472511,113.53156585959003,24.29258488970506,78.87911594673763
49.85016098136112,103.86857807688042,26.48765753032498,74.48596731172101
46.130437238420306,93.62490567533018,26.259216495327387,74.87794410456839
51.838227428266535,106.38633549180624,18.76781094817347,74.59685957888091
50.28516102305507,103.74288202287694,28.35456398628923,76.51006031622696
,98.71457755138985,,63.36752141415126
49.49798272390564,96.91976500923128,23.34542536841741,73.74932548830773
49.81217870726995,97.53664103981843,24.588951141582157,78.4348592423998
52.93285430317442,101.73029846632976,24.149519995169022,79.60547126044463
47.812885738275334,97.9455128079316,23.61732227158472,72.47691115401945
54.93756170980729,99.61270769790539,24.463962973753997,73.65133615497552
56.94903353822441,100.76899444811544,31.639554130699118,77.95973388964359
52.38859223345984,107.41331113601773,22.808940593534086,79.18559892312057
52.911286925189856,101.83180524764403,22.441182605648745,76.31193037135724
,98.08252193563447,,70.43888889788047
47.23123538642916,94.11890188877013,14.447315350968193,73.57698134152761
,101.96489666392559,,70.49711534444016
46.319718953743354,97.2343481493448,17.209023113906998,72.91961023747015
51.73971319067451,99.8492980779995,22.215617885038924,73.70024644547767
,105.78667673931923,,71.02563970285513
54.59105224988678,97.61518939241711,22.56872604519839,76.15826976059307
50.79342695769643,105.68915265201751,21.528669453809403,75.53837468500608
,97.50567335344199,,68.7232335247273
,90.21961660318607,,69.90071527376432
,97.16521382354748,,71.4477396637084
52.49232456883815,100.32248221217584,35.087434070023,74.37106516260725
,101.1990643173165,,71.41351516275026
53.85877693321294,97.09397339755397,26.357607869863493,78.51787968248338
48.39877020008135,105.51027546930892,24.1984616020046,75.19335773105742
48.921221444671794,111.47417711911616,23.818066736683132,81.60409991308579
49.11978237533719,93.42031205023056,17.714555052424945,73.85942115504416
50.19495645907621,102.9142440137988,34.090601341690906,77.14921090889928
49.768528839665514,100.73321720529239,23.639256500459467,75.08697625548545
47.18210053469855,92.86545448920214,24.964513369363086,73.01416886870379
49.67263665470009,92.59501515006869,18.253033825118777,75.94207989050362
52.71745382016805,96.8451023878821,24.56029006478139,74.61834056620476
56.17141118459628,100.25093717467915,29.84600795477705,72.84702797231138
46.65980543436782,94.60427207930277,29.34080942944051,75.12396869541433
47.10952686370283,95.31376755083423,22.262325195917555,72.57148213453141
48.95647790099637,103.50987532440968,27.798875464260377,80.18813411821309
49.62802458571627,107.25602906556043,24.238069988728654,74.25387813473962
53.319132047459576,102.61889287680584,34.579309940271074,76.98039415865178
50.333517769834586,97.95401861891526,28.263838327502043,75.80971206327456
53.64480782883088,96.95768205549344,26.54266277589795,75.39749138310874
46.184321650088854,96.35466641702769,22.17271072661129,72.32944100045732
45.403049535558,105.39152643259354,19.765602155456865,76.69375230727626
,98.7533423152334,,71.77636653131451
56.39289715827987,96.34392944957057,24.83342499725172,72.97730923841513
50.87214587551622,98.03301155095193,26.896956943160298,78.4361321745014
44.208613731909416,98.44937598889605,16.768711374977272,72.71042249985823
49.33281378598412,102.32925921951147,27.824058604728982,76.5292884445614
48.97545344312125,100.58752820874125,26.68643438052895,72.55761253604415
51.486064491630884,102.22331480564897,26.157412235397686,76.65183519938842
47.03141839768278,95.84497204873861,22.280913281741956,75.44583717436912
51.54816757393111,105.01824588334337,25.373315051290255,79.4118716116945
48.60706664101571,104.95229333333374,26.31274768912568,76.14423924505047
,99.44554224544748,,69.7905465083562
49.366379410165216,97.15459399996693,30.707414850557868,73.82170044298022
50.973613282973446,103.05130484141462,26.591778023473125,79.94078469403775
49.70500815098686,94.58991354731094,31.386576919138555,75.78718704654771
,95.7882175843717,,70.97136129661908
54.9003173829952,96.22352054807384,31.985656115986057,73.27715434227466
49.26181997093487,100.47388781737884,26.17752359924633,81.84237989045106
,95.88215679061291,,71.63188978691353
49.38329188426077,102.61411525291592,22.334542354114607,82.25302124564766
53.15342958637225,96.67504094484742,24.95606213823858,74.82624122558549
48.03241581545025,106.56368231077809,31.024062375006785,77.9374755772695
49.82753133410067,107.04641528236871,21.871985188426272,79.42821546517494
,98.32012456987955,,68.59210602690533
49.401226056341194,100.59456172350883,24.877356869783032,76.88582034476916
49.11822191015801,94.72060508033128,27.166668201761308,75.55722524552027
52.467894705272194,102.79322190614143,27.4232038803918,77.03500574677871
51.15705220228577,97.24234918850658,18.344773686292402,75.3001252964643
54.41318008740954,105.02683275612908,22.203620706306076,73.21739704460812
51.82342403729187,103.87639056900414,27.792319698370207,79.66520754440509
49.54058593915344,98.73791504418737,25.593048792609434,75.20315748577602
,97.3489277438642,,71.90284915209658
47.896384436964155,95.88130793241788,27.232291656835557,76.21894368075989
50.693173292390135,98.66919052861338,28.417636791210363,78.22161508796546
50.96490154340774,100.77747528624812,31.624507539694477,75.25329870145944
50.888304259402474,101.48186584648398,23.537115082810924,78.99841206217764
50.19488672472251,102.24010651541235,30.83619259148773,75.21156051463367
50.55335743046575,104.88654124759712,24.52102280831175,74.73259835984041
49.04947304237564,103.05131209782462,23.097497883613816,72.53994932661136
51.30774818005912,106.57245022779611,27.262918449484708,74.51410181281899
45.66510168883705,99.2799317185224,21.306215123289068,77.88663112657781
50.91529979970483,103.09078596259232,21.99320829613977,75.12625594750673
53.23272611251921,106.50536014143478,23.86556413517567,78.39129417010578
52.4584497968905,99.8796208333598,31.29890430971459,74.15635902563699
52.77114336679508,104.08372304609296,22.82735412645544,73.69829207187546
50.76698460237743,103.23417575117608,21.11790547749868,83.28390034807204
46.17393360914005,111.60878389269726,28.094672573768058,80.1087774203279
50.071601510211046,93.71518187447631,24.154904019595357,73.97926943251612
51.23026534573609,96.46570830769085,18.12411025979557,81.08811798687017
55.39396767190188,105.59772280760849,20.219020534005548,76.59364951658124
,96.00972690302935,,68.90577808496069
48.55099871402035,98.64152899054386,24.23458475812998,76.55832471579768
46.868249899400716,102.20648288074739,24.122720581193306,75.54720531262241
,97.30586566632103,,66.73962713848658
53.68866244564116,96.55144458958699,23.214313946698304,72.55559179817966
52.92179848464705,98.31870382638309,20.585735268380724,76.2906707316467
51.55630224679108,101.40615021558737,22.16868845153126,73.95563083712797
46.54210078236064,98.09209723146094,23.192595222569015,77.9060503746691
,104.85349556618968,,69.03219314870641
48.462195835027,102.18355770339657,27.882777804735746,76.3482278471381
48.883126467458204,105.60710370687163,26.42611168852072,75.73280777393326
49.519852975642024,99.70368105790047,22.995772857754968,76.62344335088076
54.75937388471366,103.76804806056725,26.913311400750565,81.612125679774
55.18898001518652,101.01375574178954,25.234373261774437,74.91502489816946
53.53488552748795,102.67440213258381,21.50267673846471,78.70702246951153
56.9249175281159,107.25339511668153,31.266981775981733,80.29496903125579
49.117339905299346,99.17738998730495,24.687926484086937,72.08451859947728
,102.39586281670552,,70.01799267524629
50.33304055941183,101.52277248342507,20.095366078698,76.7099736056433
50.01170026823198,97.54764338767082,22.37658419891793,76.31226318140318
53.120418667074226,108.06833670286099,25.642449251533495,77.7434335295106
46.16419310579415,95.23936419261895,22.577053351995996,73.09659181484372
50.48083167620318,108.58053553910025,23.999949557113332,73.76929569350521
54.735937430850264,97.5300188104077,30.611039978136795,75.96035739424323
51.78303484521954,103.11476496958508,19.607333176017512,74.69290694178271
58.17326529098969,114.60860757143146,32.366524855377776,81.9112782271468
50.002573693103955,101.31567783348665,30.022548283029632,75.87398782286962
51.23252279813327,101.5757561480239,24.98111294078559,76.23462383168612
45.03676336205729,95.00252297386554,20.470201855444735,73.00135357250463
53.97811555523525,105.80167655639092,29.19457287641045,79.07044424733611
,94.95322376516035,,71.21737717279085
49.129428480470544,97.58769883526482,21.030753523797266,76.50036411555307
49.42310236599584,98.53009468711343,20.681998706507592,75.38019289811349
45.52284751123445,92.09957572064987,22.00290461649001,72.72785352295863
,99.63538721095672,,71.99325555645618
,98.89410585975567,,69.15703986084272
50.79683624800135,102.70225713738179,27.4158706066737,78.61019789033952
,100.24655285576456,,64.71138166000591
44.4930056178249,97.96071976529467,20.014518963504283,73.47458835957507
49.84384536895351,98.29924904059793,19.794029272953754,74.40646180790291
49.331571089060176,105.01442610206851,25.817555791299647,75.00286884673852
48.60156087163077,106.43649626445071,22.316332517433917,74.6742510783159
47.05435600092218,93.54054692121112,23.127360207140885,74.42176202721589
48.21374614645136,104.27779447331459,23.91856042497581,73.3519368779836
54.89063716049643,94.81263558358421,27.928899703135784,76.63095559144624
44.1264538799669,94.80946883013867,19.39311785677091,73.94828153693425
47.33409580464174,91.0332312230333,20.980156678953612,73.21270355200528
45.915092170329565,99.92307912424194,28.31443027865334,72.71241554214457
,103.5449456649163,,69.19466476735003
47.069677059567994,97.46724247983106,25.421911881915896,77.14027472178257
,94.39195850404981,,70.6143146653769
51.85161074173773,108.52838196226789,34.07436087778435,85.04144188539642
50.63372151448051,97.3535496865642,29.058131908536964,73.26665537957088
,104.67065266372776,,69.35516721197583
44.69691970326364,92.1789024461623,21.135410936755292,73.82969312127733
48.16608871115992,102.32299845892858,27.089857088893247,74.27851104339737
49.765701638091414,104.78577632639966,24.13658177150136,82.86550786801922
53.163628519517644,103.93574672685548,24.24622418611394,75.39633367174837
49.93345473482148,97.68751327343234,20.496888320275513,72.67135391774947
53.80781893881048,105.30950908705766,28.011757314068767,82.54561761705872
51.30491726385896,97.51438706659941,24.460845634601785,76.52506065822178
45.379975451719616,106.5134273620485,24.832507399987396,74.06690835801089
58.97301477097851,101.92767526308324,23.216870502690686,77.26602121976698
46.275165379319496,95.12435922712547,23.750568172670253,81.10320168494377
48.250702813431474,103.37607234172239,35.44490678664368,74.6172327060513
47.17903138204922,96.31462704189471,14.228988273849078,72.81245931542465
51.13039793951765,96.58505219729965,22.035168523478312,73.78621190433779
48.1207621777737,105.743473323581,20.05232420354951,76.5963534594704
43.36763551524096,96.45268224496336,21.35180447282421,78.3829842231636
46.088099205505635,107.03117746204252,27.27116675610422,78.52303838699434
52.65798891693558,99.73290059774,29.282019622527326,76.45577109216471
52.248078931025105,104.21757516557868,27.264022497742577,72.954942150964
46.53221299768634,93.67560848889786,22.211784674540958,72.95877346003168
46.26583364225873,93.46759166373317,27.303419950221617,74.46250446000955
41.621630808157825,97.22310006797865,23.385469926863518,74.7339594224213
49.55295528778153,101.75811981023072,22.615768184040423,74.00907374981016
47.204143382772266,98.88429915310356,21.05734629444842,76.27628838613857
,99.96703120759058,,70.58187222474378
55.911693586534724,100.70729313483244,21.982173636512265,74.72043704347494
,102.80888307051589,,68.40660302874298
51.64701888382506,99.25149568256934,27.138404749919484,76.10615091538847
55.999164731003404,99.70566292842847,20.443502867114084,73.72633499752934
50.011084362213964,95.16985465733572,18.986266889062584,75.28597641196414
52.649018991263105,103.18216991439137,23.373618396065837,74.09596864127546
49.19060342089531,99.5211020669175,15.042605299737916,77.3957688919517
54.362343322479866,100.0113865945564,27.648649122903024,76.02113371328028
,97.9989564834087,,71.22972747977823
54.323635371840304,96.0738316752534,20.50387674983585,75.41920902842465
43.36403091691849,97.3811360701559,25.22908849395682,76.5608512407956
46.67024037397729,107.98483258208533,26.698171776086937,75.60972035561808
47.94517676910431,97.45636936533255,24.546799679593313,74.41127753657676
55.43365179115207,102.60623128164478,24.6673485706238,80.71297417904557
52.682319115560105,105.12529746206701,27.574721348674167,74.31508141107322
,99.33157858121454,,68.82632924029744
52.172417314391495,94.47435112334068,19.685070929186328,73.23090421369665
43.927159545453925,92.4762717006315,26.3779125095698,74.6826262516077
47.7804550843241,99.17282925401504,26.37391529765615,77.57543716015674
50.25170682424105,102.91788205289816,28.20596178637573,81.51010758405724
51.44449146713116,97.42462756945285,25.78553467528475,73.8974595557537
53.70994700647769,97.95219247237944,26.03145836251278,73.57067953414352
,101.81606054873836,,70.76051401546891
54.95778163941181,101.37962169078428,20.366463033026093,81.88048715369241
54.536262755856995,99.31003676025487,26.901298488633476,76.10108028259612
,98.55498470812225,,70.57923603165834
,95.07643241166951,,70.85270844495747
45.76824248011974,94.60501658230736,24.700113810414532,75.52653857614479
,105.09183917284655,,70.3844488486432
49.91551735871242,95.23717475531117,21.33934637292249,77.87994969418146
52.70249517218252,103.5616040429126,26.317581363851858,75.9338510514032
48.83828278575911,98.89893816035352,26.144831850185383,73.72343525999435
48.328608072523664,100.14112306661424,28.25006728990059,78.0419870809065
48.842628473830466,92.54267378795221,27.984385208362372,73.96159595061015
48.749016020070876,92.25137094037329,25.808927856565557,77.03568861953688
52.70955721204667,107.10371180020294,27.22204174032141,76.3520390918757
,96.31633627909525,,70.26426228475175
54.377885912272944,105.4786156741494,29.109397103297802,79.61435670048115
51.94100033814137,99.71176934829987,25.37207119800142,75.56345909588228
49.684333787207564,98.21737547368532,23.802857061217182,74.79276369412963
52.72758203714,106.19987785396711,29.936063142567676,74.96435306005769
52.65387829634809,101.8805452206181,33.76217112507647,76.89170822265744
,98.35369292485434,,67.16880435131552
52.22794588636769,101.01434254473574,30.483159041009834,78.65780687332942
48.33941960553046,107.68253364931012,24.390947648933626,76.68061156987233
47.09815220457952,100.95693060408487,27.103186354536714,73.5893491632795
45.36793021671466,93.64929908400327,18.480420153664127,72.08914594441765
45.72047080279815,94.9123129534826,30.88790240619676,72.57608278518983
51.68381437537467,95.39926078610549,23.275806304388045,75.18774444431679
,93.52871489697081,,69.00722168001764
52.10989099236544,99.27621285074746,31.246058527149877,75.10585061901541
46.799271230216,103.18346114100841,23.382193240736395,76.243653715345
57.44215527880144,104.74317482436129,28.644493664119512,75.52262640278211
50.81423134348007,99.7544927149402,26.844847683646876,77.69845616971436
,94.45487892428743,,71.2689329073981
58.72614241287327,95.50945723737512,26.499050890523623,78.93115082184731
48.545140392295295,101.48110194005524,30.226558527890504,77.95243565015039
50.673803565733074,99.4579336727286,21.05097447499644,77.02585383395406
54.22689824493261,96.53998054139262,22.225190646804876,77.08157223587622
49.88750433257678,101.79197169924697,27.417309325429642,75.17530861905033
50.93895638211817,107.27658714804731,27.401341510529335,80.20310810841696
55.17979173472638,105.61322936591085,27.927152527706344,75.09234107216018
57.38797219477509,104.41486157384057,29.89742785483695,73.95697111162183
48.81110643748268,93.10772463583045,31.26635449302469,74.8892846115047
49.30856906720963,98.9117857686521,30.637750267663023,80.55049223142338
47.847976643373194,101.05083036985894,25.218878425080746,75.2749933339142
53.46165111930249,104.0946560990451,23.011997263996626,74.99723767890511
49.27811314981443,99.91848706967909,26.87066420698874,77.46145279655909
53.054861104548934,101.19093768150474,26.137336837087844,80.88650211807483
,91.46175574806122,,71.45761663700299
51.413129601156214,104.67619881421118,26.27831398528001,82.54713172933728
,101.47405715526624,,70.57886702046721
51.78903479152689,101.53866384070511,27.114677444015637,74.99955605208399
,101.21329394044452,,71.77299710895184
,98.33725549933409,,69.23028350312728
49.85867675446439,97.40850387815802,31.0165461948954,72.41446027801034
49.6095205636147,109.95112199619494,22.130175101197715,81.50119895110834
51.03851608481195,99.09253841774286,27.570132620182754,77.00692361572878
52.148735600361626,100.52789909369805,25.202300255859207,78.25438050028352
49.09680354032226,96.91257235168428,28.858308626084423,73.74499573194602
49.52007211067133,97.57962882711053,21.71732089566963,73.11779766798597
53.02871656361586,103.64487300033385,24.21720080368964,72.54910703572754
52.818929646775125,97.10415369150331,28.744599804326814,75.53885815208594
54.0144366834787,95.42803654704632,24.277139184813418,75.42604499239219
,98.42835512369656,,70.95096985065142
42.619235166171464,96.31374867859387,25.68897576085089,75.18548256814002
,103.51138963515287,,68.28804048624636
56.403208539711194,96.07851734392706,23.510537269017924,72.42319677702872
,97.0539925056449,,69.61193115838812
46.62954888900743,105.53075156328367,19.563631052425805,77.4137450843883
51.53240832724736,98.97095641375968,22.272787384970293,76.6029920175522
48.865246060093526,99.27187796000868,21.32334961863991,76.66312892944437
52.847625494675285,105.59430626042447,28.682064360460007,75.65798568700596
56.17742333776576,93.74307776837063,20.825005432342405,75.49695131356661
54.41217369869929,100.29496778744516,22.654270013069503,78.18517626327298
51.2335224880899,97.7693533037286,21.950214475565268,73.98466756518522
49.437374271022286,95.16044387781781,21.77331641386558,75.96506415584362
52.20785620928256,95.4039586536652,23.39856603527661,74.64922337122648
,93.20430196454899,,71.35014951573908
46.74409509296486,98.13495743629139,20.879382485555166,74.44249839704896
48.13671088910152,92.94021669872758,24.42678243860824,76.31224695599819
48.379107816288425,98.38046433257165,22.524549316511344,79.77866011408128
54.29789804169924,101.14221239702779,32.375510401793576,75.13870009126018
46.286300403970436,104.47312115681218,27.164137228376372,75.06593628052438
49.96256102237788,98.22038228749115,28.729916156340998,76.49480676113497
,90.43423189841646,,72.01564406692293
50.81687125311584,100.56110889466869,31.057014418397188,73.32086123985894
43.83101877216549,99.54297170098526,23.690993755550686,76.05932617044448
45.33454629481873,96.74156285031154,19.689553167149036,72.37872028988522
51.98681011497575,100.7569341736312,19.697327297611317,74.90026907378159
46.905463212391204,100.66198381820772,32.27576478202192,74.24279052213166
44.001084839176094,101.57198201955622,26.018986568130494,79.18411858697385
,92.05257200144561,,67.96936316518384
52.011920339063394,94.26650268130508,35.312677399911756,77.67558379757415
55.759894684237786,101.46423034831663,26.937830133555398,77.21750134947132
53.500583985810984,104.1127443511423,32.60519907291258,81.2492516142401
55.37446246858541,103.77640887309094,22.05714026836195,74.01933943710748
50.63051698626203,107.1689594951804,21.20437557227279,72.18241798149103
55.45925365602263,106.72354364618096,24.802338359650186,75.59545470375033
,99.69114776542224,,70.89231399267342
,93.02708022253171,,68.74457024404562
45.929107543373995,107.61025065014888,22.410432455853034,81.1797557833687
49.3876998556229,98.62229912503086,25.166772730503226,76.48090136528945
,96.07714170742624,,70.81455957758487
54.78314596363551,100.0818928570091,27.140798849985828,74.32131906894693
,101.41756157816131,,71.21276397688423
53.04149670887666,106.22120586887296,33.61098721052417,79.57098375773423
49.880327507915815,97.61613633128218,24.69417188486812,75.08585524963428
,107.64452959122922,,71.19774640506945
51.25081879532471,101.31046509254396,30.722446908529513,76.46942892459555
48.03876435074318,101.56363375616289,27.634086542548676,77.87442474642666
51.358746668583855,105.90200468072175,29.42007013888558,76.40380314092872
48.08736249189201,98.10694679319982,25.955716974588466,75.66377808081542
49.25013385036583,98.0527376238789,21.214982542259584,74.65594067416822
48.1416990027917,95.95128701530304,22.270500289435862,72.1970019413957
50.60170677526431,97.61071152289756,22.449716088849396,72.8896307382412
49.1525215957437,97.00689320304662,22.842389784615964,74.0261300351197
49.025139104158974,97.86976208622954,25.66290646785461,78.49714945757457
47.940738168130984,101.02852704976247,25.691906700559997,77.75134380835527
48.47953414985241,102.94829273359828,20.240083911913466,74.1762236593564
48.9783924975724,103.53098955089888,24.691044225061102,77.30478546610455
53.20047047238692,102.17769451491036,27.22182073600361,78.52844135891809
48.145419555841336,98.25958213406935,25.45639329861962,73.9789108195254
,93.58620991042216,,70.02777803812816
,98.33538054908884,,70.29598007619317
53.61135253277469,102.21185294686498,30.766295194088165,77.72629689049485
,91.70876161266324,,71.33643059562631
,105.87660109521728,,70.40925860063437
,95.59702643145675,,71.82665999685926
,97.68078121464976,,70.978578438463
,102.35502622429797,,70.93383136285013
53.21978127628325,97.50436288464887,17.3990270258987,79.36741352146743
46.42667560515593,95.12307072763123,16.014353418150552,75.67703187244346
51.058187352084246,97.84583026855026,22.176174915048833,74.81187446083801
50.854633248097215,102.38687671185356,26.55153099420907,73.00696553923618
52.31739313976349,98.84153196254522,22.769218418638463,78.28527183638384
53.935275183509646,108.38691852990732,29.247826825693046,76.26320937445692
49.94562528826666,101.34810976495386,26.96759940706451,79.37582515168351
,98.68772559042236,,71.35825369023435
46.96623780960267,91.86015068577711,15.25844209371716,72.37093873704225
,95.47065540123722,,68.98306431658654
48.01422373181054,106.06742264550361,28.134694475298563,77.79740378280557
48.68067802516406,105.48221550564519,27.463454356609848,74.09173599822799
46.70300089990308,95.51694728674173,17.82744397841209,73.59949984890474
47.8076535854107,98.7617212953708,19.617209921454908,76.04377318115154
54.639203917566405,111.16684281749278,26.54116796874315,78.72677656862982
,93.27237468665051,,69.93324353682361
54.15391923317479,96.2776836109581,23.23961251586178,73.57482295929775
,97.44851903452667,,69.53723621285347
53.965612147459915,98.88652979010828,22.3561902626984,76.23176647995109
51.900738104872325,100.26221142417003,31.966256042380486,78.34253431327664
,99.42070207424852,,69.86973990501636
50.73869626794974,99.85675521455661,25.617573558453294,76.25996658118231
55.00302243444851,106.98025468307985,26.928482057597403,73.28418671571167
52.423084180932186,104.05465474675053,23.34467901817763,80.20853780181034
48.574681689772476,105.02828697371676,28.98649450798046,72.88730755831025
53.37647959368189,102.83277895820439,19.653482744986,75.3732718930831
,99.88692013608758,,68.2348747859118
52.65572007903808,93.142399543965,21.08999185742932,78.3860287518844
53.35707612982836,101.67369541069482,27.463029702953126,76.98191445879233
,102.41195052684807,,70.36614389520183
45.67166431460815,98.33235636780203,19.881099282860927,74.58372540176427
55.13980105841553,104.20973367041879,34.97485975015411,73.30318901600737
54.515078959857846,94.10569317485407,22.15522295075924,74.75377390085026
48.918429769405975,99.90485890637694,17.79978455597551,74.3824284851504
,98.64363900495225,,69.62833481897268
,96.73581400952139,,72.06534395808904
51.301382803485794,103.91289105833927,28.238298138665257,75.25858604923947
53.648072042563015,97.90043473938792,25.085996624146055,74.67106909801392
54.42611248369152,105.7350098676907,32.04660655099012,77.35755098105328
52.87034495683272,104.59096917864818,30.70911450733112,74.10784171703871
55.68275874697813,104.38285077471434,23.494126164951822,76.58382237685949
49.1661664662267,99.49072348298309,28.928352615354004,72.9082360708239
55.75042229979574,106.21168221849327,35.95249406041609,78.78415605250164
52.074770733041454,101.34108763547013,32.93751724388902,73.50573546836326
48.73964577890557,101.6426324851152,18.750029684110103,73.33165866004396
54.93312582637555,96.18147161417363,25.88623799870091,73.41009337317104
49.69105408097686,101.22333677242332,28.20249787679895,74.2410859415483
,91.24279617943253,,70.60136041700223
54.80967161919825,98.41530799292893,27.11530514570992,76.26567836454953
52.62286599714726,100.77671383813721,25.940472129266862,75.64229788697055
44.98182666522538,105.23033896351616,24.342921027460402,76.91507834667297
53.01733684529383,95.88606885445063,27.115001489341175,74.01845709584846
45.3018126584119,102.55395507767267,21.190782002510357,75.9347519139452
49.1732996767537,94.40278794995884,17.451949234103335,74.51799498935824
49.446112782428955,101.77422338119369,26.11614803844747,74.75471987957194
49.4929468801546,94.7681576742289,23.2107088276147,72.27650689804149
54.797311768764516,104.48906594597419,24.60933488544118,79.76524068656131
49.22021523673598,100.26646280081015,18.26231687560798,75.11950174957927
46.887960040729055,100.88998165879359,22.793436705802627,76.80535067736002
47.53014827205358,90.44985528226243,20.04157924291856,74.13224466031298
,102.04241813214806,,70.39630422827996
,97.50887752826783,,71.00175867024372
48.883664174301764,107.09148501456653,31.826997789334413,76.51026931576862
46.37284979720334,103.6726740252499,26.064604831158054,78.35854827373866
47.73938282459882,107.5534197683104,28.91953459732961,73.77770728934566
53.70343934813605,102.51356291475076,20.797103842610024,79.33885831747072
44.49329693754402,90.45249668925507,22.481570367154113,73.29239789989272
52.91121961062056,98.7292376256352,29.369863040453026,76.84487273440777
47.00605267063291,105.98234338893528,24.94614821561087,82.37819305972468
49.64961620034338,95.88589423274715,28.345220828107358,75.15303340026507
50.875190778144415,103.9748081880833,20.657803955675593,79.73607851920922
55.841813621207315,103.14602476028142,23.1776579433011,77.20782283808917
51.48571691382163,104.73187872855493,26.823463837024804,80.51519928938977
53.79958726252831,102.36000446378394,35.03215455521313,81.04217662909733
52.428543208226905,100.48892322108861,30.824449667606167,75.68569530571945
53.38060892778689,97.35152576350869,22.187506541435564,80.72070637651669
,101.77412829486019,,71.8309173494414
50.983663085415074,97.08263090628503,31.57123401447592,75.56885473643874
51.23281708501447,101.69074503448569,29.225838129639808,79.11781012486342
49.835237831683074,100.57447950401352,29.08795185747995,74.6649095852911
47.50996955177166,102.94275345635945,21.056302416855026,79.43433890013227
49.12551562937692,106.33343723080039,29.809565471916375,73.4954459521592
48.00344895634122,97.37180069332028,20.53068101131682,73.54981458893539
50.42881379231731,105.07176547229128,25.860963501555823,74.62561942745492
,100.57844146696173,,71.57253344481875
51.9267023532005,101.54761663057978,19.558077436020348,79.18114808396543
,98.532627982822,,71.84813926234692
47.911337888466306,96.6701727660947,26.259020152188267,74.45145387286536
47.30489885746855,96.99131452593988,23.58799777033808,73.60768157988286
54.204308396150815,100.01974154514951,21.13624912511658,75.84294846642072
50.30951449474082,101.58277061436145,19.78447556636131,78.0660925904212
43.76846694484213,100.33672739261331,21.335398777269173,75.8168995052172
52.692074349096885,97.58985374112487,28.060890829496095,73.52403770878243
42.60344262355738,91.12241877922084,22.86475978909349,72.38676396203954
,99.31697672372789,,71.85094970824859
51.84719522014029,100.82412788763935,27.58295263988139,80.62135192254142
,90.17911915702882,,71.49037070161168
51.01338115619684,104.88188044989481,26.05657946774225,74.72004501357186
48.330858641417336,100.52012491909213,23.63762017235019,75.31192562013035
45.912984569416786,96.44565426378148,24.491636809109565,75.30366874392304
,97.00540873118591,,70.20304671810071
52.219910665694044,101.73599882497713,22.99736517168492,76.95100946519034
,93.47444087688109,,69.71914592980782
50.279770596417094,103.5726952630985,26.847750535996564,75.5226877277656
51.896739584968124,109.49742343366279,23.143259425881997,72.85644251727278
48.72427651016181,109.56092117847906,20.663843952154245,76.29618642293592
48.66605912180751,103.92172254723137,31.2183436137856,77.02831708718266
47.21360047192325,96.06622223258451,26.480078446427196,73.80398734428765
50.52256521168677,98.24663709569235,26.045510679384922,75.8848843148854
45.66074659640041,94.11290744428727,25.054983817900037,73.30625776403102
49.597233010826024,94.59491094858144,19.994190516247727,81.2284705599614
51.89656972825781,101.3868236507305,27.064186308717776,74.96218600612373
,91.72370638986217,,70.99306639614441
52.516548595979266,95.28342320166851,17.639858755601846,76.92698447071538
55.09225499452056,92.77759502961891,17.912515914014786,75.65929230478959
,99.60198939251634,,71.8598262259346
50.946738711510356,98.2112648610713,34.30918198196899,78.39124892503165
50.93721360750973,95.5677044501863,21.981079401953487,73.8203116723755
52.13965055299707,103.55093951192117,29.343323481636055,77.31620614284999
,95.49193021473145,,71.51257912884448
52.12023989010078,104.93699497167738,29.209417793384784,77.11425176353252
52.51882954077499,104.37362018540534,29.65657757150509,75.23766434986041
,104.63145488065871,,71.85803277802422
59.43444346197165,100.32235213826495,22.690154846119288,86.77226432464393
54.32985973309172,106.4356056392011,24.518511806440934,75.58840944730358
,100.42149091178189,,71.98822196074435
,105.39721207393066,,69.3260091685751
,101.84127463542555,,70.61173945048859
45.24129182954914,85.93682334948404,21.474415498008668,74.30872832899124
49.18629275606596,101.93697733106458,21.462799487934063,74.13482716062623
,101.9855293086508,,71.80921890729554
,104.6398645818432,,71.51306953056522
49.87439923016961,89.44272455564578,27.440380815686556,72.25497809362595
54.369137298429,98.74011546641245,22.406854312978208,74.62595921242479
54.887461126953134,101.63935081877638,29.442205378659168,78.59923270133409
49.80213285579294,102.83312108074179,28.395646500104036,76.33584659567353
46.26048950610475,106.92195573907279,24.654332251070716,75.67101481459153
55.335277793349505,101.02267907782269,29.95927941144927,72.46767994691889
,93.32510727160465,,69.22035465216884
53.63592075980435,103.15205134076103,36.62572555260114,74.92961949270389
,95.71165959680567,,67.47121758544046
50.12902796828979,101.95964400178262,27.798432425317646,78.90549059650988
53.26377776042435,100.57488282595776,27.89194694079247,72.7814368082657
56.64168381845731,104.11994785397758,26.875870056976563,76.32090423527752
54.99614354071781,94.96056724231687,30.506152346768168,74.4607814254249
49.752366602488024,100.04780136779233,22.34640482201321,78.92200768677354
53.01275550869487,102.31086224951596,26.67729119301263,76.059432226236
,99.34382111842385,,69.55141378343686
,99.17271265664675,,71.30436404521578
48.910286913560846,98.55416219091644,28.727233345508928,76.30234052066348
46.86878806865466,87.34461052898097,20.17948407915159,73.05271721471189
49.89951795781107,103.23731707386412,29.897842125331405,76.8926116538582
52.504079692680264,104.71233897154012,22.656412797232882,75.14211774617374
53.01747791703516,101.38865217727789,21.53866151313469,75.66436763076054
,90.37193979131881,,71.50371783263645
53.385324935492406,104.65597764690555,23.262337345578427,75.86287087059908
48.53884214947256,99.05733656178005,25.77229002953131,72.16683887238982
50.51616515248666,99.12641733025099,25.199009323430133,76.10055154036945
55.04241472125099,107.27872579582966,32.47770594668297,79.78825840916694
,96.31605424444507,,71.03263162302295
48.752112964154676,102.34535511350893,26.791707459448556,75.6087113672286
55.220941188461445,103.73632166775725,19.027298406065857,79.1707775711668
50.91583038659711,101.04214534751819,28.42844494522201,76.97999262646225
51.60599257550922,98.86004482962205,22.092860900204368,76.48997665606106
,97.46012047796616,,70.23729076319604
53.81076909134105,104.95972714945806,28.404401660518698,77.9124794288053
,97.29326150724998,,71.8430199708525
50.771097186262985,99.166058314097,29.793104077133187,76.19827606093598
47.608992949991325,97.04598537665538,20.227209217871938,80.47816410378955
49.87714113900205,111.44979467457988,31.512252769775024,74.70950289371771
55.04199012622364,101.21744115307183,24.002775240924677,78.73927840065214
48.83632670928075,98.74791639992561,16.73043565743994,78.48102515034336
49.360106622655465,101.30127209281828,28.522673432150974,79.15554958096956
48.47731277010739,98.08320332985373,22.09089688138129,74.75151413573364
47.58288020497534,103.15083952283378,21.68090806666992,72.52177328038087
49.137841669668525,103.1818990132511,25.93542653381158,79.81281681210969
49.47128758039328,103.39963041914265,30.09548482782688,74.14060593798817
51.161234897034774,106.41721961617789,24.609442090279803,76.53670273647877
47.76102012165233,109.67643804124882,27.131667709116606,75.78624436726513
52.9572713001673,100.98466595854079,28.26939643264249,79.70899801411032
50.027058302156604,95.50137722418883,24.67904177405937,74.7038188565478
47.64328198019789,97.05601756771192,22.613400228044263,74.47613988372778
50.671715612850065,103.49136998028222,29.372776706494673,73.9106783211242
,100.1180233286014,,71.27548200629042
,96.71457115133911,,65.22917314218876
,98.4046566429386,,71.69300949893051
,97.07396646229226,,70.03269227350253
51.69396352525571,99.16440034977701,26.979606846515058,72.36895043015075
,94.85863447478839,,71.08104559596664
44.37723068930863,92.00810271906954,19.20654377756347,73.36541987676546
50.39291870909171,98.94812214964311,25.848060192849896,75.039057242513
52.02492929729478,100.72184986997138,28.07377608925119,77.66937564404175
55.79312260521844,99.92987845112665,18.591160756474213,76.81699784140064
45.03528465904523,98.04844094204837,29.713993308637022,76.38022874068899
54.65884755502613,96.34496530853598,28.192086398743267,78.39358864438128
,98.5070585456948,,67.80597901972045
,87.60596789550077,,64.00325656394406
,98.23391411707833,,66.84757860606297
47.74960749028077,96.03992729058723,23.122945543352294,75.71614893036059
52.18465960877677,95.97766358164152,27.45514784829877,76.85943037919004
,99.61658672856856,,67.00504809559848
52.61654386636831,105.34379870650137,20.891656788498114,75.4589910729817
51.15832088969662,96.51936702382591,24.825588256538875,72.7799618950172
52.90347350745814,104.09681589020464,25.850818795268466,77.05301804850751
51.40819060089934,104.40086459887534,29.321871539372477,83.20409858469839
,92.2171629151316,,70.2591394502782
52.132275699764676,98.35344751541604,30.187553917513497,76.87968044192874
46.85005590376409,96.54293371114397,20.529109400982755,77.10251803204454
46.716292666744394,96.85298380571314,22.172258958071502,72.33582652907934
49.360482605950814,103.55213100092907,24.968602798777564,82.1290150616014
51.85241963945437,101.98520193585213,23.940373237153317,74.5510028211196
47.03739348398636,92.78165406573494,20.45515036283754,79.86596783950024
,93.59198058615898,,68.25366756813231
50.81780465599972,109.08180977264058,19.567335635274652,79.17381943036753
47.76280850579258,101.09019123306415,23.35538454296331,75.22835625536196
47.33126985929446,99.15146255574882,30.07375427887534,72.71979212939897
51.86552656433427,98.2241277683304,29.96104605959645,75.64762917474688
,92.16961043091938,,71.83290484165434
47.54595585822891,94.9337189454758,27.658678932967288,80.7722312245041
,95.4747705713761,,71.35966376877509
49.304917973897574,92.86325874927715,22.969431794345493,73.92391210691413
45.26825624846357,99.86723932991573,19.986146450741483,75.08962568803832
53.80661344591572,99.85156732693876,29.757352790248785,79.10980239963128
,94.12239449180596,,71.85755797846645
53.27938169677192,107.8639775647837,28.892140261778774,84.22585365401244
44.69542456454137,97.94224735935549,25.662257919366724,73.60403334441843
48.972353450071495,107.93130160982595,24.141062123694873,80.91535738403775
49.340901884605714,100.50769841465407,29.23359322700014,80.12763136928986
49.57904427217943,99.39220673691389,27.705412076684922,74.55365028603897
52.06759166458339,99.10810742190715,30.775013774619634,73.13460254069426
,95.51208921400239,,68.81834302468717
52.29932239044626,105.24606608029575,33.69026319398928,78.23407840198536
49.15018427465668,101.32851819891108,26.944560492248186,72.48657533324986
,91.37715662265877,,70.07514447841969
,95.7214113468199,,70.57717163106145
45.27186140033896,93.80330511591592,21.681450166239486,73.72834547902264
49.65050707458397,107.90877404949032,29.148280586958116,72.4109064606716
53.97365496905949,102.05474214656402,31.77467059985596,77.12444991153852
,95.14249267460576,,71.3347863290243
54.669842119542736,103.73094462328831,29.82482410140287,79.46347607882774
53.865343807127275,100.66387878539683,28.324365685725358,72.69343813449163
53.11778120314617,101.31800901193418,27.772265233358734,74.60138169629626
,96.11114825974714,,70.88555610430568
45.48040661600419,105.59841656320842,25.48571696351288,77.52210479223008
45.29336408416761,94.64159791485153,23.622630329153722,78.9961659767722
,97.91782351057766,,71.69184781577998
,92.94152393022746,,69.0560581213666
47.78330164956322,101.44869613806459,24.920493237404685,78.01035096247078
54.14891487086949,114.5340023115669,24.74773550062234,72.18423253590856
47.67289372004563,95.76918978337828,26.704927645015086,74.33655956426638
54.05349031361979,104.74619789131438,19.59261444209892,78.65389295632711
,90.68331268249271,,70.31668107282138
,97.92805321250448,,64.5827240014497
51.40428691465968,101.87086874518458,24.10598951819687,76.3698317610722
49.26359256458275,105.99951021087462,31.014163119704033,78.47882894074304
49.79089167036606,96.52430380329949,24.86747809497101,77.56545493266654
48.75263105990197,95.45416761142967,21.73339789649163,74.51992684714597
56.565709933881976,95.23759444872262,26.465709879942604,76.98439890935357
49.72202170604035,94.29989804036676,27.593105375693185,75.59627588834067
56.15670348343409,105.75588027130561,28.07135316726901,74.77650821692629
48.22755585520221,98.17048694156533,22.84088751605609,75.30473731189713
51.451252426280746,105.43245861162833,27.428385833241734,78.53797974910697
54.225808480320616,97.4962368740802,22.39543052037046,75.16767233813266
51.3732988789879,91.74984835307397,26.72265537239706,75.71490137360313
,98.84027127456301,,71.88548387857865
,97.25433139775929,,70.96298830520561
49.231848029818735,98.3947772334149,24.30956700773671,72.40414883780414
49.86791238162777,97.62083335848266,23.774388942274125,76.71056185677601
47.267429080948894,97.47012370167847,22.811815496948327,75.34154587722901
49.99626234918352,99.90542607832786,24.139137636115954,75.44005226397572
,93.10485560850964,,71.77517902130627
50.090446151783446,104.77692264123444,33.0527609054844,79.28444740473441
50.71602332523984,104.458199463256,27.4375002442368,78.23094760598168
,98.50999806156639,,66.74455084733962
51.1690876270268,97.09346559181357,25.084372085616085,73.88622436038168
55.12850170817811,104.494103081528,35.110891748277496,79.8767852640768
57.3713839157049,98.22569673618719,23.07719629797158,77.74912708125517
,90.77332115355895,,67.28812962035254
51.66442097821768,107.81546570686078,27.8453616797878,78.6733555129655
,99.57284279159855,,66.7611003790292
,100.76527596504235,,71.89346977114931
49.617822262598416,98.08060194713698,25.21007391517371,80.02495604520489
48.463877680165396,101.38969970307578,23.119106411089795,76.85436235232112
,90.5728204951082,,63.97992014368465
50.825580293863744,98.88986916222177,29.369408315287494,78.21199132194042
45.46715090013134,99.16040618340261,29.11907592270795,79.077490868057
49.71109649991659,103.69955970909767,27.783437879569203,77.2210412685718
47.98611545208356,97.2257315893286,17.519643379861837,80.3258688725565
53.162252530065146,101.14720037223755,19.538892242042238,79.03844067254106
47.39595640825429,100.97362366340136,23.66550071258619,75.95817334728282
,102.58847140208343,,71.32724376730818
49.275372073381114,98.2039946431623,26.52001303486517,72.82639659680721
,92.62965871811618,,69.73170465914808
49.28003943624186,91.12936991640827,17.350109546736082,76.32977870985884
52.14655429956166,104.50752429919892,22.319922157009422,73.3019919506451
42.69687682929182,96.58395196331851,28.401932417174322,72.2154495254708
57.05862803227886,105.78042881728504,27.4341322340865,76.86234346045187
,99.78472798470621,,68.01584508797981
,93.69022478545446,,69.22837504066842
54.013134064884504,99.11571852969439,26.474132111484547,77.01791600670728
51.60923964784607,103.13927379090204,25.02849412686209,75.03582155290206
53.945134050370946,101.15673368948046,27.527552661845164,77.50292000736958
47.146794142052265,98.11075449680385,23.147082488307998,75.66980778426068
47.98398696174516,100.07304847632493,21.096448168389525,76.73644532513433
47.82716889296834,100.11123749895539,22.877647737306447,79.50408676288053
,103.57146307345286,,69.64663095667035
53.90149390405395,99.32274040904332,27.359554360664326,74.89638606431117
50.897752790121395,103.35860355011835,29.686471597536052,73.2766666077868
54.109503041901036,100.11480795409966,29.78908952036582,74.44929623671773
