var_1,var_2,var_3,var_4,var_5
1.5808930411697528,1.719555309970773,0.3023778909279711,,0.35763167777121746
1.0855554554550988,2.5283063218345307,-0.20043651104386626,,-0.5571170967791008
0.5568480643702078,0.751139330246906,-2.5431072359678466,,-1.551011558116272
0.26430384430126186,0.4054240120094217,,,-0.9335027568104017
-0.1635789973370978,0.7612538657630428,,,-0.19782157643914314
0.09436476498897536,0.5192674901689802,,,-1.965140847998507
-1.2294276561578457,-0.38204484460079674,,0.5036016215366282,1.671708911652538
0.04283099365747985,0.6966511964519303,,2.0901842385159193,2.035828354954384
1.1396648606411943,1.230174095891439,0.8069840404525306,0.616809350798493,0.6886921016786466
-1.6720868533661266,-1.4376513353700722,,,-0.9441066609827021
0.20041856370833044,0.10506346677080548,,,-0.31459906417941264
0.9237272884850258,0.06333692252190709,-0.5780589027836369,,0.08045056584802637
-0.45743185595485514,-0.8370883618591762,,,-0.9230830597583123
-0.9047848647893798,-1.0196333871323526,,,-1.563555282859462
-1.3387929030627708,-2.1726824996923026,,,0.2070650275877463
-1.071325531721777,-0.035023860782492096,,,-0.6633587907481152
0.07418140926975637,-0.31173160205938305,,0.7168367695950694,1.1785298124183787
-0.3827692898898029,-0.8816054145057522,,,-0.8417035898460248
2.5879936608058522,2.095478661059912,1.422664481528613,1.392428465780965,1.4299974201891
1.2130204051906128,0.5554227409617815,1.3139372446459259,1.464702964024508,1.0344312011925447
-0.3162075150017119,1.0264751729971506,,,-0.972022990901253
-0.28772138123875235,0.15273335986587988,,,0.15242649157365254
-0.8613489903098738,-0.9582352719731569,,,0.18227328657042846
-0.1847783565906642,-0.4734965583999665,,,0.5452054780033285
-1.289754888116028,-1.8506933680706654,,0.32098363065592145,1.6525048287705442
0.568957817093021,-0.7968987185460892,-0.19853958050061,,-0.03077102506014487
-1.1450124443519913,-1.3289164519347791,,,0.041625134018519104
0.5633275894815912,0.6935730578841584,0.9963238216447831,1.0324367495169113,1.078778325595703
-1.3297369352618742,-0.7930891500272464,,,-0.29162258115064754
-0.7893537632262848,-0.9925772045234045,,,0.593199090106609
-0.6562381186610818,-1.3985258168712433,,,0.040269805339582465
-0.4940802749408744,-0.45623900770893727,,,-1.3017616965868495
-1.5751405285876758,-0.6302257432459734,,,0.3047480498528113
0.44857804135604396,-0.8741930937531321,,,-1.46396092375224
0.21430212887881508,-0.588818647835208,,0.5433773745810198,0.9868399219606355
2.1307042990323883,1.9902855979176926,2.2219179641217655,1.1167278909339058,2.4754472267203247
1.8209068134610558,1.6314076813225582,0.6932710573458106,1.0892834433155225,0.9697870260737866
-0.12988637232840244,0.3495207014087953,,,-0.7365400092879025
-0.44872172744276034,-0.10577049756892827,,,-0.7145999729670274
1.0246512648211807,0.35467189322427617,0.648304626052541,,0.5162360629177496
-0.956100844708458,-1.1072161897848587,,1.4950376737932836,1.6332426283544963
2.8497873905645523,3.287255339855127,1.9719035551091266,1.9796971356056856,1.0728038220717213
0.31931228369700176,0.051956185351845645,,,0.1216343656806392
0.6334046025479707,0.6376277701924915,0.5590262345480541,0.5997696595030887,1.9514548661813926
1.047671043305552,2.7022488098649577,0.6529065126059572,,0.1010565519510838
-1.0743089261112826,-0.6601319764304346,,,0.22348950787787888
-0.873825757586482,0.30846635485297036,,,-0.09846177006130605
-0.6215553955432661,-0.26084346084183263,,,0.23823454880018258
-0.3069083747533599,0.1918538312986567,,,-1.7649521743853398
0.7106384273695183,0.6842452404099006,0.8220087260311895,0.7761579579338631,0.9420311209678701
1.4045707727783867,0.7348690031891629,-0.05554228634081658,,-0.7049345056574481
-0.8474450073781464,-0.07340080828445256,,,0.6230295285010031
0.7568563671072241,0.8417351132170943,-1.1344214098936314,,-0.010330620197204946
-0.4580116533110567,-0.4143422015515789,,-0.22559738637643287,1.210798611934637
0.7093645145726303,0.6953368557118961,-0.20102824120295143,,-0.848012737417668
-0.8304789370867846,-1.3335360395323985,,,-0.953958961928641
2.201919605321483,1.9237077224538126,0.9126257626604298,,0.5870853801398178
-0.16163079036625733,-0.7102194686579512,,,0.3314358097209731
-1.3437425574769946,-1.0206491573250975,,,-2.014461836720175
0.5808626012626735,1.0722841671721612,0.28640484035092567,,-0.003981424178120845
-0.5346399104913624,0.3741551712054867,,,-0.6077072828988834
1.2849732652430925,1.372074649443259,-1.5555132341502622,,0.16481331657927123
-1.0996798144460036,-0.5958160215338238,,,-0.10578729358619024
-0.31610192196054965,-0.7770270346252133,,,-1.9385900540049597
-0.5393862328144817,-1.8300186092814306,,,-1.017446837995465
-1.9713254062690317,-1.1500938613388956,,1.161560490994056,0.7494140602119975
-0.06766149589066962,0.9394660908874813,,1.1001781516556306,1.1608141948152422
0.7491247029023097,0.8559784802749054,-0.8781533350997203,,-0.672326846408611
-0.6671634761734209,-0.010193467476735012,,0.13055893692176992,0.7775462408302879
-0.5318378555801603,-0.6577881151044976,,0.2946195619216741,0.7386130996781767
0.4364335087412109,0.04504533844434766,,,-1.2713252467395053
-0.08879537099412439,0.08427591680527996,,0.3027351144009967,1.1346404833707315
-1.2841351876032394,-1.0818188719063817,,,0.15481936881456254
0.44035771511583316,-0.19730952834788007,,0.9463786361756451,0.9160117157873701
0.05592016737467045,0.9614701249942551,,0.9850447880812507,0.7328443651011988
1.5059594796732403,1.7485083209395047,1.7847944189065625,1.0043611052530945,1.7077238437900157
-0.9291240997042488,-1.479268754074042,,,-1.2893588930175908
0.06985834373670705,1.044186732159223,,1.0973403711396228,0.9546705776314642
0.4602852506962964,0.07763849834974151,,2.0927429253239453,1.67973995049371
-1.7306826254718153,-0.7405322548153043,,,-0.05790055815919885
-0.44483907245226817,0.5753651345037141,,,-0.3483334104359353
0.05017345168404739,0.6925659321311953,,1.5810942290341916,2.4169948329290274
-1.3789341057142335,-0.43069889614060675,,,0.33194896892031583
1.6017797039407207,1.8600880842174117,0.15833470125330887,,0.671700776572824
-0.9199897952955453,-0.5935442578414382,,,0.13957248706418884
-0.5951281545472372,-1.0532571927014531,,,-2.7716867338221602
0.15365531520228798,-1.07620401266256,,,-0.5339047033876534
-1.383996123059228,-0.9539216759817261,,,-1.2557397796375216
-1.8142658028685192,-1.6569163463839003,,0.70128925957163,1.0377772762251756
-0.6041235001588693,-0.640944954446706,,,0.40886636870703535
1.1739809972720237,0.45502244034745604,-0.46845070164659225,,-0.37687437702555765
-1.0885575587062495,-0.48951510808480575,,,-0.15007896686454483
1.6802656037868668,0.3490422430632238,-0.8681010366469664,,-1.0062287678574098
0.483183605498187,0.6763309915729553,,,-0.6876825945968986
-0.333377927114574,-0.2512206131850631,,,0.3208567299468366
-0.6367421734425858,-1.0157888403111104,,,0.3907822864438869
-0.057800203486272086,-0.5739189006697556,,,-0.02085968302460313
-0.5493193665846839,-0.8589641927357717,,,-0.7224115398841833
-0.7565956732066592,-0.36952139691453145,,1.4312932696398104,1.68818152907707
-0.027099287679321436,0.3087123426156822,,-0.3868955684565943,0.8759492234137898
-0.8975073595615293,-0.7239463700001292,,0.4959329505745171,1.33059299291304
-1.5693125780505,-2.374560409074978,,,-0.6819536403752778
1.7878810217848142,1.3574240869461944,2.0981668225909353,1.7225329557677849,1.743720067783253
0.018536649750721005,-0.09824830770123402,,0.2931438237594211,1.2349399367503944
0.32865221310322473,0.5471487871804083,,,-0.4147595141792453
-0.48786222770000554,0.3736011442113629,,,-0.5024429441463228
0.07387723176946129,1.076873262562195,,,-0.3863887561978552
-0.3378450080749147,-1.5351690706256997,,,-1.0588828956236351
-0.715019061130095,-0.7983098184839122,,,-0.9187476488854693
-1.1692913338801503,-1.3612463003473467,,,-0.47289541952843017
-1.1235275564721237,-0.9138991656938336,,,-0.8789272087759215
0.386358117838366,0.2315597832479495,,,-2.3652646768170937
-0.6125540984386776,-0.8098917493988685,,0.11135468446097135,0.9971420771578807
-1.315509313682807,-1.5579163350125074,,,-1.1559490971650828
1.1669488479259102,0.6865878957540857,2.1199562523667046,0.9309998807286464,1.1011674613354165
-2.1102918432363427,-2.2963608263176662,,,-0.5929066124310647
-1.6244684870896384,-1.0700190971161174,,,0.46264063959455043
0.9270154811557083,-0.011417458995237235,0.6090215365346637,,0.5546382728037167
-0.06841640685261653,0.39205311783234403,,,-1.3289697027985032
-0.33906321624796293,-0.48308291783133733,,,-0.6664259817424797
-1.2490872487259481,-1.319492397765711,,,-1.029441071456289
-0.8574917816834035,-0.574491761902746,,,0.09244427846100478
-0.4279846784896966,-0.060518132599705544,,,-0.9633147998840799
-0.8128500516052386,-0.6527897514564462,,-0.1035529281574041,0.8053545342465385
-1.940486574396369,-1.3036537515298687,,,-0.19963081973282526
-1.4786621039462704,-1.6979129762878162,,,-0.1492737926395788
-0.8031043459420859,-0.6888612307176878,,,0.2235355163912299
-0.8184019505130693,-1.155908767441374,,0.9697194084324632,0.735556203046421
0.18450692207720948,1.7106451016824464,,-0.19264912567574927,1.4397422693774793
0.34890364222837267,-0.1624867939172425,,,0.014984449773784858
1.0820609360205649,-0.37772170647618375,-2.500713835413621,,-1.7042663678159482
-0.6215288623457831,0.02312950837101748,,,0.4751803040782705
-2.054538224577977,-3.0545921155232088,,1.8413110353065563,1.3696879591044484
0.20344963868879087,0.29850620886399604,,0.9350367619361287,1.6052555742658374
0.5625652928344363,0.7275656494920061,-0.8438318912069518,,0.22316244313632652
-0.5565974335668173,0.10727876385906875,,,-0.5223350084789159
-0.5996692403929281,-0.38074941767136866,,1.2050409438668321,1.567801993201757
0.011074751873422854,0.28461861945760925,,,-0.7267268419225308
-2.0483430403710954,-1.8068275940979392,,,-0.3304756340785569
0.3443805442605516,-0.43017831548609503,,1.3080883155798684,0.716614451479552
-0.43422268322417307,-0.4136413296333951,,1.5123890355614111,1.5488325628734603
0.4133095165478115,0.815745979884012,,1.8538163864919428,1.3337881846358424
-1.274859460652515,-1.3821019227092077,,,0.07857482461576469
0.15639359642752995,-0.30993149088883404,,0.27722717674956293,1.1614573247488507
0.7405433917064728,0.6489863595155088,0.012959128559864117,,-0.533859700210377
-0.007529425862042851,-1.0979482605388429,,-0.0024589033797898867,1.5415988998620807
0.9891589722802763,0.5340530794251079,-0.2476112871095556,,-1.768548760223365
-0.4753132921235822,-0.7675122846518568,,,-0.39227281811251546
-0.8120291231191799,-0.3177946839671422,,,-0.7819488770638701
0.612199842494333,0.9758118271018049,-0.18258523821496458,,-0.2795439430728999
0.042126904750837094,-0.697386981462231,,,-0.4918491412218163
-0.8083378339756645,-0.8331113442011971,,,0.3968707168226431
-0.002207597202437297,0.07962526745868682,,1.0084047390015487,1.1804223281412944
-1.2032103537292291,-1.5060085376117376,,1.3196347023430475,2.667301393776818
0.9359978752441479,0.5645123097295343,0.017366243492735318,,-0.23501435335724363
0.2613880534768243,0.10258507956631067,,,-0.35525002948795054
-0.6591543876795487,-0.4540279118881399,,,0.5092047702622629
1.7039939549359693,1.3046666280572852,0.8220234705862328,1.4469811974161384,0.7664513834563813
-0.8499044980776004,-0.39839521584491294,,,0.01307734448244953
-0.14171728871639802,-0.33954538957852076,,,-1.6073261794814615
-1.4628281244716868,-0.4740202548564176,,,-0.33339442618100257
0.0310268186274441,-0.5328128610642872,,-0.4137028524460986,1.5852445770968313
-0.26378639418651556,-0.21981764106382642,,,0.1264671606949036
0.49466962576804396,1.8562273505896343,,,0.04125812363586488
0.18971522467571042,1.3851383232365653,,,-0.5142790854364786
0.48620560791932754,0.7457946959397681,,,-0.5689197703690144
0.6075510604320887,-0.059414532747634766,-1.1722998432376888,,-0.214835674254951
-0.2163831755680219,0.5022670086477019,,,0.060333193229131325
-1.0706479346527609,-1.123121751964865,,,-0.12012392132539673
-0.06437849696645687,0.06966799270041327,,,0.1451809019139274
-1.7227170999041395,-0.9771554428232417,,,-0.964819247817863
-1.7304596698645651,-1.322969385767579,,,-0.9645101404077911
0.026177294289083955,-0.1037867664731786,,,0.24420195094836866
0.5880254434571429,1.1289273495935928,-0.42100405385976775,,-2.1296221539706153
1.0296895330824123,0.7562792133619989,-0.5556567098129555,,-0.07982164991661612
0.2647950430576678,0.31783577364887877,,0.8366489943147578,0.9045302090246969
-0.9885060220407195,-1.0225180146434587,,,-0.9411718050738306
-1.1155345101976177,-1.7490446063927512,,,-1.027669350136174
-0.1408496083649411,-1.085602517270692,,0.9157930295026481,1.2774082965976354
0.21222318944637875,-0.48199820927952164,,,-0.8875215993768567
-0.9440392797018188,-0.21298774622865854,,,0.08412651927514689
-0.7259791201004235,-0.6806963433711264,,1.9923109191395505,1.224411962944378
-1.915799348673793,-1.5445466454526298,,,-0.2691915950789728
-0.5301796137777709,-1.7707802865292483,,,-1.0606075762736853
-0.7601785173627752,-2.204590410340199,,0.9551258623937883,1.1223595089455853
-0.10087303038945859,1.0121693852199578,,,-2.6314826660786124
0.1934115912478482,-0.209722065095697,,,0.5833464390975426
0.463586559116596,0.2758800082112543,,,-1.334236400358105
0.29277210656590014,0.6452465452257972,,,-0.5016308992962707
0.07753699754237026,0.15038694354084436,,,-0.5789435807864272
0.4504100412287682,0.40970671732538216,,,0.06643012610941125
0.17743112798460914,-0.9823052402432485,,,0.09726208470637446
0.7076652994517664,1.0675221049711656,0.642211603701495,1.6580906469276249,1.8002146069845937
-0.4164088990038065,-0.36173665198406846,,,-1.4673519428203343
1.247257513823477,1.3822787956321974,0.39825081296675835,,0.09820845121933902
-0.32430988822207263,-0.8120737626646964,,,-0.887741929710205
-0.22061048093034918,-0.37701807111190255,,,-1.549137210991127
1.1158857917421339,0.8891468627381544,0.3838279203885959,,-0.06579976442089508
-1.4966919888575891,-1.4599323670882998,,,-0.19800010854213668
-0.9994513915127673,-0.6855716765920491,,,-1.5826558156749069
-0.7409942114731393,0.12617184608522564,,0.5997383399543796,1.8229938550840212
-0.3191552490080633,0.6435639140924578,,,-0.7737799834122359
-1.060551133190954,-1.8598730855493653,,,-0.8274091952181017
-0.3364900471307209,-0.7509831184090664,,,0.4381887923122311
0.12976599776420916,0.07579809704678274,,,-2.397853093861861
-1.488511763016711,-0.8902701741008788,,,-0.280417883134844
-1.9902283156217446,-1.0412070816498609,,1.3972972577569454,1.4523622308655864
-0.39160733484073723,-0.6865853291596843,,,0.4926911477261109
1.1593187381214016,0.055740679530022555,-0.09122586404057755,,0.3436622525378871
0.11592807530900245,0.38730734611399814,,,-1.2728616934257342
1.165526940311057,1.328657322520242,0.8353515580380906,1.1585305199894695,1.4713691311684158
0.7142565323980775,-1.1675077235234856,0.7482129125364199,,-0.19538243640373695
-1.2564626367965739,-1.3425605015981479,,1.2077825173532266,0.7928104839520552
-0.6249843686734995,-0.41434708010276333,,0.6409295950005636,1.1336779439419107
0.49222463668167765,0.02906379581658897,,,-1.6275569075981189
0.061647317839050815,0.4512913403996975,,,-0.17939737462296226
0.4818047790771434,1.4093557370548657,,,-0.30788787743371343
0.02398627587285681,0.137050504986728,,,-0.21833808793881954
2.064995735363146,1.3347847516450044,-0.05135674995901272,,-0.46132268392086256
-0.973087632049621,-0.35749433877541825,,,-0.06407463799540927
0.6601527537259919,-0.4871812555002438,0.4756396335088659,,0.16875998102598957
-1.487754236720264,-1.4863661009053928,,,-2.531830236591992
0.8616705028745466,1.5245291301208455,-0.11106223558584168,0.28459968716169004,0.800260328726901
-0.40115296456011684,-0.9720907084681185,,0.7727788436054869,0.8453219276793045
-1.048461572544826,-1.099966370480738,,,0.6132410501344928
1.0635670635649137,0.7120739929806555,-1.2705740730400685,,-0.6938417753597569
0.6606530312932789,0.8012591033768285,-0.7999413134530285,,-0.033090535965129814
-0.2872309675046541,0.7631868799341454,,0.19902013126900076,0.8510512021806101
-1.742972000765751,-1.8543091538594112,,,-2.369037867237333
0.3310532300624955,1.6683287732013323,,,-0.5707443346491449
-0.4122508070970012,-0.49922852494957876,,,-0.732653467477719
0.20885740361923444,-0.1536444360897983,,,-0.5471576601510746
-2.1619412556794364,-0.8736852715643275,,,-1.0755133194134077
-0.31796059416206807,-0.20562073121093766,,,-0.906617666528373
0.07608230181293443,0.5240253776881726,,,-0.978474449661894
-1.3824068910284257,0.026273917628552437,,0.34130723357121107,1.504931723655458
0.8627584054873549,0.014836249013823459,-0.6957088788727769,,0.4589643512712902
0.2018584058826543,0.9432833655674684,,,-0.5229762248151368
-1.2925035073723816,-0.9257522457122852,,,-0.6552267050664098
1.204459884719616,1.460379917629674,-1.0277390353255795,,0.03376236057693118
0.5152627834374639,0.9941546167630084,-0.6399404351346829,,-1.233872095389123
0.7162953049675724,-0.8554750165805226,-0.9998927608846409,,-0.9693518227236128
-0.9635743788916848,-0.7172280413068599,,0.7818180441284716,0.8061753206593605
-0.8214508987037741,-1.6055227725831291,,,-1.155690205038575
-1.2044505948208806,-1.8445603039468006,,,-1.1490743732621913
-1.6249694872397678,-1.154690335131193,,,-0.2889702735517058
-0.23192582896324496,0.4020889464024648,,0.6131005168988347,1.0651856233057726
0.6215373012520019,0.47069292477299507,0.8830293848489844,,-0.24208323692413827
0.7368645055611253,0.6580098231798573,2.716490255193055,2.620408070079472,2.1621474001472754
-0.2571539065061486,-0.3032319536059583,,0.5724883443154203,1.401399372219698
1.4379926951211384,0.09917035685193253,0.18669572063098683,,-0.16993110078366866
-1.4187829455718437,-0.7104638662449929,,,-0.025956230212488787
0.34601953170251387,0.7560737613446173,,,0.6646881217001859
-0.19495932050890905,-0.09435826078277697,,,0.20780658073483682
-0.15545675149083363,-0.051158610001160745,,,-0.5721161845565994
-1.7976211268584688,-1.2045262457034813,,0.6328416957044782,1.1709787848956426
1.6193496316868146,0.37480123861194153,0.053623024237322806,,0.30718143985907764
0.7816742081232826,0.8058236647898562,0.3351546954257011,,-0.75797238583307
-1.7081246438651185,-0.5507197058824852,,,0.34123840646087106
-0.818883488686666,-0.538165905402328,,,-2.0228720567169556
0.26032044131907545,1.0302975039451077,,1.7247214955774628,2.367391358538043
-0.23975842331968272,0.6388565568472743,,,-0.23735344306579728
-0.15267182103560112,-1.195864993528078,,1.9075558793900997,1.0942038231072029
0.4746080298265112,0.7218481494126712,,0.7245372726694275,1.028866587751884
-2.556163697674489,-1.8847959138561703,,0.9548703969988483,1.2727437693039847
-0.6753174699943509,0.3173856932551013,,,-0.808473716198956
0.7212087178190899,0.6047863660068978,-0.42251555161286714,,0.07440264549273369
0.3014656122049727,1.3223254753726115,,,0.4377261983027706
-0.7446847080601567,-1.0685167690787205,,0.5449094979583129,0.9891605394107608
0.3791618151419075,0.2185140002375485,,,-0.0937774046157295
0.9393716075425556,1.096878015806302,-0.529350461660712,,-1.307125760875842
-0.9616996649391203,0.07358071045452189,,,-0.8945264370587426
-0.37866220178395477,1.5535970797470653,,,-0.31357835581669896
-0.5690628556397338,-1.0203948446222804,,,-0.87533111575605
-0.5469301942892427,0.7401467359102343,,1.1675519764177609,0.8818928496996007
-1.1048156702675673,-1.4036614169990183,,,0.5763261616128539
-1.0514307846828306,-0.9470571262789461,,0.6549614404865861,1.7411820001779768
1.211361290133961,1.4471606624549933,-0.21630943683386347,,-1.1333861167991461
2.0969029957742378,1.4233855108145614,-2.4886573590223953,,-0.6334479932403151
-1.601548898019477,-1.7625310924230362,,,-0.3328547262257567
-0.5609338484573692,0.40462182831569204,,,0.10837715482253293
1.6442919056577958,1.6969988509811538,0.20379428396193205,,0.04771675274853232
-0.6885289274257365,0.23305558110219754,,,-0.64281010278382
0.3240290391544298,0.6343196056085715,,,-1.4383790187901113
-0.23271118511688024,-1.0957773287060484,,,-0.4118695624552357
-0.03993122899244134,0.08572664524977062,,,-0.8427561210518332
0.08001485718918616,0.4131853069653249,,,0.5877816217290291
1.252788245088486,-0.223342726962446,1.143008935345443,,0.5443445613081432
-0.08261549975078454,0.07559929135828682,,,-0.4795235178105833
-0.4775273895574944,-1.9200201089101074,,,-2.3115936627336615
-0.3639484379183794,0.6000537940051482,,,0.14405428347945254
0.27796927792622145,-0.18098794542844526,,2.0294584886142752,1.6363379980436292
-0.3658382034604236,-1.54497509567516,,,-0.5910364987337803
0.37414949947358556,-0.22863450016893916,,,0.3540039930915163
-1.6612223009367508,-1.9403651166637388,,,0.42930655375731835
-2.576551923465908,-1.6308301584982599,,2.0546258200641967,1.9404164586494739
-0.023060334987377428,-1.2711891574640362,,0.7173295228562923,1.382281374261776
-1.0836409491143477,-0.5382021718894471,,,0.2600884382694469
-0.3893502859800248,-1.3436515102930051,,,-0.29716792221064
0.7328560529087327,-0.413852170885088,-0.7857606753723746,,-0.22252424402774285
-1.8723963708395996,-2.384377753468732,,,0.09028458267228957
0.6997607414339216,0.7440756087331958,-0.5135485919809698,,-0.9646805250985865
0.3943728232274703,-0.19566507317637513,,,-1.0470889196132775
1.7039026604444456,1.7338585497339225,0.24481372602886292,,0.3413783001994578
0.17826231694607564,0.004948340258706265,,,0.5159429739615071
-0.996521289898857,0.020361738367395726,,,-1.7253734862323937
-0.28421594332771116,0.569651189306699,,,0.29080229430937304
0.09766138858592334,0.533580356518847,,,-0.8352792481294955
0.24467409156250333,0.6101954894443478,,-0.3716396534289373,0.8148098944364398
-0.11438754465621162,-0.24849065639914844,,,-0.8716712273993703
0.3202757873891596,0.5019272818868732,,,0.6643397855578366
1.157171846906444,0.8596183866940863,-0.7715836554344447,,-1.4853197879698663
1.2066269566814098,1.418691656371298,-0.46898467906321656,0.3302444141307826,0.8258142760320164
-0.21064188130864123,0.07659162482096081,,,0.28966532599533895
-2.868858988374696,-1.8820027840080744,,,-1.8348810691337187
-0.9840418271183443,-0.5095377882788766,,,0.07865308843678938
-0.5888434801992385,-0.8212202121250666,,,-0.5183510310993005
0.012325173901910158,0.03192426473787708,,,0.42614891660515386
0.029033506129627195,-0.8420622023280121,,,0.18313936185793772
0.023944909940673935,-0.7254871955698439,,,-0.9405955477691909
0.7224971441172033,1.667678267961575,1.019594681747582,1.1197745071162897,0.9155818664018189
-0.36769872477547944,-0.32709844864750676,,,-0.3351914601033167
-1.5726489677376918,-0.8579166289966054,,,-0.9919400974994657
2.174669314690981,2.0426759300621495,1.0763212185457536,1.0374156989041263,1.0718941776133861
0.9039210718293551,-0.2130975968111783,-0.596499713985664,,-0.03277574693200714
0.5115394640918657,-0.4661039416888533,,,-1.337835696827997
-0.9456567293759298,-0.7397013172346941,,,-0.15591042109958725
0.13121642645379292,0.2690394609805498,,,-1.137902022824402
-0.8686808613041342,-0.6917738987202128,,,-0.23362779748541915
-0.14192299440358738,-0.22465530571155626,,,-0.9334993920493081
-0.9060948445917224,-1.1272117014221965,,,-1.919709924709688
0.35956682858920214,0.34821624391271827,,0.5490015726362562,0.973987400216233
0.4630836547701797,0.6194965404295987,,,0.3261475423404274
-2.4612960857341757,-2.7871393918929033,,,-0.31928919882323875
0.5553891484721503,0.8339486738824708,0.7444100757011946,1.1970411363424882,0.8870924177043459
-0.009928565893608713,0.0022984205117562388,,,-1.177090567501134
1.142641873220505,1.7051274071454836,1.0647434065836159,,0.34638710621118707
0.0936536894825604,0.13190945141012428,,,0.40510948988740025
0.8568867181446199,1.1994796692211058,-0.26168002071833735,,0.14117811546006434
0.15345694086931286,0.70525007502012,,,0.41638302425774737
0.5005568377984194,0.04117805181916363,,,0.38511877682996376
0.6437361896102789,0.3669198612947331,-1.5122073980448718,,0.12064436349039301
0.4984249252122719,0.8837848715122933,,,-0.6987319146683295
1.1079045918931272,1.655622955676735,-1.1565274917530992,,0.3427015183031436
0.8228618609313687,1.1719991697200878,1.1303120209994943,2.4758197194465623,1.4636453459299177
-0.7123019260172236,-0.30660481515916466,,-0.15468269755943811,0.802965286185162
-1.2017078323014654,-0.9264668128857401,,,-1.0181413179737435
0.7721889205445248,1.0910464002114912,-0.2516015562039469,-0.5378762685242593,0.9808827207878816
0.10981843616677402,0.5710205160721197,,,0.3764299943610933
0.8121427356641338,0.579746299861811,0.11539697206880181,,0.2381208864828872
-0.4230736759265545,-1.3515428831602665,,1.2234620467287562,0.8772606965482864
0.5831533069737909,0.22680895206656518,0.8271781498244395,,0.22506958760106655
0.7134082959679401,1.1016964246353893,-0.28867866400695696,,-0.41893576461746335
1.4993231694765035,0.7505652925507594,0.47100728304184264,1.7867622187555867,1.2155713424441985
-1.264297546203987,-0.9801528171611968,,,-0.7632710608549762
-0.389858456008289,0.4254082500326486,,,-1.8322611516626583
-1.4820148186165532,-0.6350693461384119,,,-0.6647765162329317
-0.8400496970224162,-0.14033633692690262,,0.4459814298346804,1.110057899742243
0.6478463378063378,0.8128963610307484,0.7524918382332317,1.925559849643793,0.9817779070809916
-1.312468830152919,-1.3460363424986916,,,-0.09181539532166685
0.777483314751784,0.1079508719575272,-0.08202652947058871,1.1947469293333652,0.8495182210668021
-1.881396045509438,-2.0538143736554226,,,0.1802702247775938
-1.7277546155190913,-1.616316707549569,,,0.2975769699036312
-1.7992609373033723,-1.1994947397721984,,,0.05622811598081687
-0.872530810309828,-0.7688450051143262,,1.1163808162447937,1.3967062434787263
-0.19869952697793974,-0.18745940561287466,,,0.05950604949304434
-0.16303652925161413,-0.5864260254341919,,1.655661244311086,1.806185349618552
1.2651728544808836,1.3052768603943652,-0.24443246838452992,0.47292639584105517,0.936109298832824
0.2940454224548025,-0.6821396593878666,,,0.3460697927220985
0.5145943712315841,0.49964369904206496,0.7504643875751575,,0.23237749478095285
0.7183587579989766,-1.0477153858281916,0.035285616450463235,,-0.9086466092213589
-2.0032401249257994,-0.9814693605567651,,,-0.5777904715115203
0.8629825383917077,0.1286252485592135,-0.17285507535696146,0.10594033524912226,0.7708569365029238
1.6153656837197146,0.592348869971749,-0.13941023153944734,,0.10965167224586972
-1.3837899413815822,-1.7844035565888823,,,0.5628442053131365
-0.479460115173098,0.06754747252167272,,,-0.8356998633236505
1.061474504615934,0.6934982725742771,-0.4198337295008582,,-0.5837566865860748
-1.0612534866453633,-1.7035331815558012,,-0.01736405267023665,1.0114613916458928
-0.05142089469087711,-0.26896727555673466,,0.764719706305106,1.361630648794978
-0.9260192871210658,-0.29793785338627393,,,0.17083077597200272
-0.8938781566298956,-0.4551943514737546,,,-2.3673144074639962
-1.2199203729172605,-0.7910971692960139,,,-0.39776621767634374
-0.7215601555313818,-0.644728323901774,,,-0.3570403355821992
0.20851651434595936,-0.4116218882879306,,,-3.318704047203006
-0.027498704094211943,-0.9137588617891776,,,-0.4220459755821069
1.3161085370820824,1.5192420407524863,-0.8536117108141819,,-0.6698726365543877
1.5051603781368106,1.9920405522430278,-1.1452973414247642,,-0.5987259423470319
-0.39118048106801534,-0.4479167074977492,,,-0.021154371184321036
0.36782235408716973,0.17794131632911783,,,-0.4759531765090833
0.028279329812880345,0.3541240251665041,,,0.2694639776697633
0.11970227694622655,1.490347604780755,,-0.17801502796618437,1.257298332495524
2.703537547484789,2.8568511209311884,-0.9211932224227435,,-0.21592000064241126
1.3837881773730198,1.4968192485540506,0.3776641602229929,0.4797199288987626,0.8616482804240246
0.04753709892755308,0.054657835288601735,,0.8068507544251646,0.9763769914085503
-0.7131159837790608,-0.527679841107954,,,-0.6771149655922777
-0.11389152646836878,-0.7473472956000085,,,-0.08754802406349592
0.3340377125965553,1.7791794121139264,,-0.06513644640523207,0.8943983447909611
-1.9298147522344018,-1.2084862360819408,,,0.20556387160020778
0.36014550203253654,-0.28113034056866787,,,0.15586903801971114
-1.9055402207575014,-1.6389142251129196,,,-0.6105698693131997
0.6233158059384872,-0.1444169446844055,0.11966955115183672,,-0.28384961810783577
-1.0152117738718018,-1.2758724681901292,,,-1.9921770620631465
-0.11734697109365888,-0.025642901414547833,,,0.14407472869232027
-1.0341943583753952,-0.8040809010674163,,,-0.39618043873487296
0.24641968590244795,0.24249167773507596,,,0.3380188575550136
-0.46925173067654435,-0.7868810542708634,,,-0.5582826952837677
1.342614758045063,1.1226420220293538,0.3538836459874015,,0.3173341812603631
-1.0664726581443977,-0.4891031463397431,,,-2.06256209711199
-0.8004678978444256,-0.9906210915736416,,-0.8933453008267745,0.9792323062577902
-0.2555999818370909,-0.784019256690923,,1.681861933826989,0.8924873800569888
-1.1575481444998945,-1.0960394828927758,,,0.07893426190722182
0.3111291675414148,0.7524127261897221,,,-1.753067290762641
0.30907273466691076,0.34543090030005075,,,-1.0372716391349794
-0.445077669105691,-0.4765558921448442,,,-1.1225884203759942
0.8487122784191709,0.5826362083472706,-2.2278497626575824,,-0.8729621063963084
0.5512943438841128,0.6174783288717419,0.2529659102843127,,0.39110351798568266
0.09064455655488768,-0.05983076769071869,,,0.220914491921522
0.4753756972418149,0.4326071066367833,,,-0.13409856719396362
-0.11180439444663996,-0.6577870545610363,,,0.10364245852502654
-0.18425552800043976,-0.42206703819268165,,,0.1045502388388564
-0.6141925203534894,0.47919189105203225,,,0.4333563254150086
-1.9402978256533159,-0.7171225141928461,,,-0.15740028206253104
0.3142409379658731,0.9690936901666135,,2.50153533221977,1.7558815512784265
-0.1691160420511074,0.011824527725286211,,1.2939439684600484,0.6862504203520051
-0.1993561658387441,-0.5428832761159732,,,-0.21055106014509353
0.6475742979409064,-0.1827946882659715,0.25307182013793056,,-0.5814369786659582
-0.3667667446727567,-0.40096434602153896,,,-1.033357427300279
0.2747318378478175,1.3565539727878073,,0.4477148848842707,1.7431470623242145
-0.6878922497054134,-0.6106757535240681,,,-1.308773585666613
-2.125283254676088,-1.1265534099884862,,1.805873834362241,2.101792275731367
-0.36151759403807693,-0.31743160622426236,,,-0.11088100124401097
-0.13138810773425086,0.5381911077310874,,,-1.3799143239829508
0.5038951275969489,0.2865362926075717,,,-0.18483108629002934
-0.1836659038708098,-0.32539195914344443,,,-0.19373147659514764
2.042609924419346,1.3894129763243988,-1.9316567329599281,,-2.42131509917463
-0.8651004876754735,-1.4166299682029855,,1.610743729913853,1.2917166491831447
-0.10638370247952394,-0.13316944700285385,,,0.38428967235297573
0.048003964865584225,-1.0754392598867717,,,-0.16087549264621065
0.5529486712000702,1.0472339581932366,-0.6918500706780882,,0.4253128068416097
1.279980059984745,1.2483646510022985,-2.5578206810511688,,-1.441108183221349
0.6849714167505777,1.1195964978376982,-2.19456472058282,,-1.1612976102842811
-1.0752835261347429,0.04234940839577089,,0.7571231458471133,1.228401094976739
0.19092425023015783,0.5430269273399043,,,-0.5788334625692577
0.31840824839427184,0.05911056778556886,,,-0.4399791845868958
-0.512079275607502,0.4496214112786333,,,0.057323564846509426
0.024644052468688178,-0.5782694184282773,,,0.5245202240485694
-0.6518438675599367,-1.5675845605351815,,,-0.19165271317616558
0.799955325713354,0.11575071180205618,0.3853113272156198,0.3271786748174199,1.3598608632559335
0.7923236966505082,-0.6359870197713258,-1.3612440646714214,,-0.9884806179633437
0.4378189708122292,-1.530188982386356,,,-1.6358938823943243
-0.8626176641897839,-0.4030107274010145,,1.0201645321134178,1.055452819303743
-1.364644286552741,-0.4706059521268123,,,-1.3251892382188248
0.014711867788867818,-0.5001472641757346,,,0.2441250268561794
-0.3742539151552432,-0.5671622560699691,,,-0.3591417896596778
-1.138049360648752,-1.570798094154149,,,0.2195265230383717
1.0883613395022245,0.7307977610581649,-0.5002531948504224,,-0.4587443842144685
-0.3266802501646748,-0.8108670970234267,,,0.3974304334573148
-1.6450150458113952,-1.8375593429429216,,,0.45574877141075587
-0.3414897624012037,0.26481173132474894,,0.5219251999755937,0.9797541361363015
0.4840684557362952,0.5974081731783955,,,0.4627101194008943
0.40336137744661743,-0.027234618821973026,,,0.2153351478380348
0.6807422116944974,0.2780105439857773,-0.13623983780602703,-0.29948488122853795,0.8706277082002619
1.382030033177227,1.8064297589273175,-1.216120805370373,,-0.32806453389689927
0.5880680059141209,0.6899895586731385,-0.30472823657325643,,-1.0830963649699838
-0.2913179554793901,-0.18456178581161278,,,0.19724738718641352
0.9199973355563262,0.6722846080655589,-0.654603298577296,,-0.4371268524821483
-0.7078584472401492,-1.971279091531084,,,0.34687301426802364
1.0614965358234387,0.5978181122260857,0.5106129417241823,,0.3439151745113727
-0.36789838739469105,0.1643195932472587,,1.525797407254153,0.8988340754525226
0.7225823049512935,0.3532975339552199,2.1341370763648904,0.7924093230400379,0.8533574864846228
0.41085993461582115,0.7947589382507322,,-0.04401240488039403,0.7783185009276905
-0.26842225701161665,-0.13228784796713544,,,-1.4738247617335098
0.22681935700971037,-0.3913839091608698,,,-1.2082008420500214
1.8507454548282378,0.24970050094815274,0.2885429262867761,,-0.07501611391599021
0.5650009996350881,0.38277761052418646,0.45415361403520116,,-0.520077147999734
-1.7508462494732109,-1.5095901768394173,,,-0.3118484308309825
1.4945592689775653,1.4711059020186399,1.417563351974396,,0.28539622308845264
0.4538968159073425,0.23975869478819284,,,-1.1135171370669288
-0.6387037845810487,0.2282554567752303,,0.6461502103427236,1.1573253059022655
0.9905412983059215,1.5157863706426544,-0.5203459177733347,,-0.20723530689605218
-0.709445282067789,-0.32430867144900133,,,-0.16733954296120318
-1.3584619734705783,-1.3433190100172852,,,-0.8769453724017869
1.7802526338618216,0.8465285475744424,1.549973705267227,,0.2788073247301473
-0.10828673879312836,0.023232127256661947,,,-2.104953966361938
0.151672077189153,0.3490636973215627,,,-0.73017694391885
0.8966645022391536,-0.23934633225768528,-0.32497339040148693,,0.585916668698934
0.9837666796394675,-0.007007659471905628,-0.09431627892346939,,-0.3061869883554858
-0.4457417140756927,0.3137122902496065,,,-2.1755478478807366
0.03752302952702103,-0.0885217821693701,,,0.6577180789244376
-0.05077605421620152,0.18450800991143013,,2.242157596461419,1.9868510752430948
1.2655970721645575,1.0015233454847885,1.0488753928296413,1.297560225823146,0.6874896996567721
-0.18408913541413338,0.19795063197353532,,,-1.0052684578419808
-0.17242442780164996,0.028921734725296203,,,0.5065971260198925
1.141033514723988,0.6555274559671327,1.3938508997983268,1.2175106737333552,1.0759584081824998
0.564244290066116,1.248347394205158,1.6305059813681106,1.6086383097447001,2.2478365799810716
-0.7291973303143259,-0.6193609271123123,,,-0.5347668367155467
-0.7774262513112961,-0.029129591246376086,,,0.5005303155571926
-1.3551551191372613,-2.2958686242544935,,1.4369203633858876,0.7348861381134082
0.1581768247192555,0.8160947131987395,,,-1.2588567180026315
-0.1558649427611739,-0.8260261675926552,,0.3084874310181627,0.9120287096444836
